# Format: McCode with text headers
# URL: http://www.mccode.org
# Creator: McStas 2.5 - Dec. 12, 2018
# Instrument: ESS_BEER_MCPL.instr
# Ncount: 500000
# Trace: no
# Gravitation: no
# Seed: 1557961022
# Directory: /Users/andrewsazonov/Desktop/MacStas/BEER/ESS_BEER_MCPL_20190515_131743
# Param: input=BEER_MR.mcpl
# Param: repetition=50
# Param: pwdfile=duplex.laz
# Param: lc=6.65
# Param: lam0=2
# Param: dlam=1.8
# Param: omega=45
# Param: chi=90
# Param: colw=1
# Param: modul=0
# Param: mod_frq=2240
# Param: mod_twidth=0.0029
# Param: mod_shift=0
# Param: only_event=-1
# Param: pinc=0.1
# Param: ptra=0
# Param: strain=0
# Param: ustrain=0
# Date: Wed May 15 13:17:44 2019 (1557919064)
# type: array_1d(3000)
# Source: ESS_BEER_MCPL (ESS_BEER_MCPL.instr)
# component: dhklmon
# position: 0 0 0.04
# title: ToF to dhkl detector
# Ncount: 500000
# filename: dhkl.dat
# statistics: X0=1.79624; dX=0.376197;
# signal: Min=0; Max=8.00575; Mean=0.0903201;
# values: 270.96 3.82135 12625
# xvar: d
# yvar: (I,I_err)
# xlabel: dhkl [AA]
# ylabel: Intensity
# xlimits: 0.8 2.4
# variables: d I I_err N
0.8002666667 0 0 0 
0.8008 0 0 0 
0.8013333333 0 0 0 
0.8018666667 0 0 0 
0.8024 0 0 0 
0.8029333333 0.002288051804 0.002059205344 2 
0.8034666667 0 0 0 
0.804 0 0 0 
0.8045333333 0 0 0 
0.8050666667 0.001557829508 0.001557829508 1 
0.8056 0 0 0 
0.8061333333 0 0 0 
0.8066666667 0 0 0 
0.8072 0.002687992546 0.002687992546 1 
0.8077333333 0 0 0 
0.8082666667 0 0 0 
0.8088 0 0 0 
0.8093333333 0 0 0 
0.8098666667 0 0 0 
0.8104 0 0 0 
0.8109333333 0.008873071087 0.005683673426 3 
0.8114666667 0 0 0 
0.812 0 0 0 
0.8125333333 0 0 0 
0.8130666667 0.002633519559 0.002633519559 1 
0.8136 0.03580289857 0.03580289857 1 
0.8141333333 0.07177223344 0.05075615694 2 
0.8146666667 0.190607005 0.09014001984 5 
0.8152 0.3324975796 0.1136302594 10 
0.8157333333 0.189111714 0.07584882023 8 
0.8162666667 0.3074123059 0.1092989378 8 
0.8168 0.08301574356 0.05894766702 4 
0.8173333333 0.1450839916 0.07602263662 5 
0.8178666667 0.05148266105 0.03685894414 2 
0.8184 0 0 0 
0.8189333333 0 0 0 
0.8194666667 0.002277786204 0.002277786204 1 
0.82 0 0 0 
0.8205333333 0 0 0 
0.8210666667 0 0 0 
0.8216 0 0 0 
0.8221333333 0.003741022905 0.003741022905 1 
0.8226666667 0 0 0 
0.8232 0 0 0 
0.8237333333 0 0 0 
0.8242666667 0 0 0 
0.8248 0.007459178601 0.005495189256 2 
0.8253333333 0 0 0 
0.8258666667 0 0 0 
0.8264 0.004591023337 0.004591023337 1 
0.8269333333 0 0 0 
0.8274666667 0 0 0 
0.828 0 0 0 
0.8285333333 0 0 0 
0.8290666667 0 0 0 
0.8296 0 0 0 
0.8301333333 0.01862320159 0.01229599631 3 
0.8306666667 0.001505366944 0.001505366944 1 
0.8312 0 0 0 
0.8317333333 0.01824879754 0.01824879754 1 
0.8322666667 0.1247935511 0.04405594838 11 
0.8328 0.1547698305 0.05191454833 11 
0.8333333333 0.117695039 0.04208888411 10 
0.8338666667 0.1443773989 0.04068217436 15 
0.8344 0.08096996161 0.03346172364 8 
0.8349333333 0.1963244879 0.1102697596 6 
0.8354666667 0.08309980388 0.04444406597 4 
0.836 0.2443649129 0.1118856349 7 
0.8365333333 0.36393005 0.1137792224 12 
0.8370666667 0.2661036408 0.09773659291 10 
0.8376 0.2972984412 0.1102661119 9 
0.8381333333 0.2146105078 0.0916519017 8 
0.8386666667 0.08119537336 0.06682078328 2 
0.8392 0.05495697346 0.06352095716 2 
0.8397333333 0 0 0 
0.8402666667 0 0 0 
0.8408 0 0 0 
0.8413333333 0 0 0 
0.8418666667 0.003079046164 0.003079046164 1 
0.8424 0 0 0 
0.8429333333 0.002052049244 0.002052049244 1 
0.8434666667 0 0 0 
0.844 0.001426720251 0.001426720251 1 
0.8445333333 0.002569366027 0.002569366027 1 
0.8450666667 0 0 0 
0.8456 0 0 0 
0.8461333333 0 0 0 
0.8466666667 0 0 0 
0.8472 0 0 0 
0.8477333333 0 0 0 
0.8482666667 0 0 0 
0.8488 0 0 0 
0.8493333333 0.00272191845 0.00272191845 1 
0.8498666667 0 0 0 
0.8504 0 0 0 
0.8509333333 0.001137429568 0.001137429568 1 
0.8514666667 0.0005183031577 0.0005183031577 1 
0.852 0 0 0 
0.8525333333 0 0 0 
0.8530666667 0 0 0 
0.8536 0 0 0 
0.8541333333 0.002061919362 0.002061919362 1 
0.8546666667 0 0 0 
0.8552 0.002880212402 0.002880212402 1 
0.8557333333 0 0 0 
0.8562666667 0 0 0 
0.8568 0.002740579119 0.002740579119 1 
0.8573333333 0 0 0 
0.8578666667 0 0 0 
0.8584 0.00186439723 0.00186439723 1 
0.8589333333 0 0 0 
0.8594666667 0 0 0 
0.86 0.0003597937064 0.0003597937064 1 
0.8605333333 0 0 0 
0.8610666667 0 0 0 
0.8616 0 0 0 
0.8621333333 0.003233942823 0.003233942823 1 
0.8626666667 0 0 0 
0.8632 0.005460737735 0.005460737735 1 
0.8637333333 0 0 0 
0.8642666667 0 0 0 
0.8648 0 0 0 
0.8653333333 0.001397075436 0.001397075436 1 
0.8658666667 0 0 0 
0.8664 0 0 0 
0.8669333333 0.0005894280883 0.0005894280883 1 
0.8674666667 0.001895973533 0.001895973533 1 
0.868 0 0 0 
0.8685333333 0 0 0 
0.8690666667 0.006997587725 0.005200540433 2 
0.8696 0 0 0 
0.8701333333 0 0 0 
0.8706666667 0 0 0 
0.8712 0.007272815213 0.005710880454 2 
0.8717333333 0 0 0 
0.8722666667 0.00844446047 0.004557900655 4 
0.8728 0.006612182582 0.004851937476 2 
0.8733333333 0 0 0 
0.8738666667 0 0 0 
0.8744 0.0002383942188 0.0002383942188 1 
0.8749333333 0.006134528874 0.003659835092 3 
0.8754666667 0 0 0 
0.876 0.006325499297 0.004611594111 2 
0.8765333333 0 0 0 
0.8770666667 0.003541449201 0.002652188466 2 
0.8776 0 0 0 
0.8781333333 3.006956374e-06 3.006956374e-06 1 
0.8786666667 0 0 0 
0.8792 0 0 0 
0.8797333333 0 0 0 
0.8802666667 0 0 0 
0.8808 0.003916679086 0.002771812455 2 
0.8813333333 0 0 0 
0.8818666667 0 0 0 
0.8824 0 0 0 
0.8829333333 0 0 0 
0.8834666667 0.002359046765 0.002359046765 1 
0.884 0.003241087268 0.003241087268 1 
0.8845333333 0 0 0 
0.8850666667 0 0 0 
0.8856 0.0006685660272 0.0006685660272 1 
0.8861333333 0.001807509116 0.001807509116 1 
0.8866666667 0.001916378161 0.001916378161 1 
0.8872 0 0 0 
0.8877333333 0 0 0 
0.8882666667 0 0 0 
0.8888 0.001711858169 0.001711858169 1 
0.8893333333 0 0 0 
0.8898666667 0 0 0 
0.8904 0 0 0 
0.8909333333 0.003107439346 0.003107439346 1 
0.8914666667 0.002945636621 0.002945636621 1 
0.892 0 0 0 
0.8925333333 0.00427698584 0.003897097098 2 
0.8930666667 0.0006305713566 0.0006305713566 1 
0.8936 0 0 0 
0.8941333333 0 0 0 
0.8946666667 0.004200707759 0.004200707759 1 
0.8952 0.005223065424 0.003806736324 2 
0.8957333333 0.00802351629 0.005171175403 3 
0.8962666667 0 0 0 
0.8968 0 0 0 
0.8973333333 0.001219884405 0.001219884405 1 
0.8978666667 0.002669984428 0.002669984428 1 
0.8984 0 0 0 
0.8989333333 0 0 0 
0.8994666667 0 0 0 
0.9 0 0 0 
0.9005333333 0 0 0 
0.9010666667 0 0 0 
0.9016 0.001210070441 0.001210070441 1 
0.9021333333 0 0 0 
0.9026666667 0 0 0 
0.9032 0 0 0 
0.9037333333 0.002789278446 0.00317447209 2 
0.9042666667 0 0 0 
0.9048 0 0 0 
0.9053333333 0.006038149378 0.006038149378 1 
0.9058666667 0 0 0 
0.9064 0 0 0 
0.9069333333 0.005166307842 0.005166307842 1 
0.9074666667 0 0 0 
0.908 0.00418027229 0.00418027229 1 
0.9085333333 0.001931506469 0.001931506469 1 
0.9090666667 0 0 0 
0.9096 0 0 0 
0.9101333333 0.04089067098 0.03043324286 3 
0.9106666667 0.1143435947 0.04640371314 10 
0.9112 0.4397044895 0.1672011867 21 
0.9117333333 0.6353847142 0.1769222798 24 
0.9122666667 1.004669329 0.2360907647 37 
0.9128 0.3754084625 0.1220651793 21 
0.9133333333 0.9391781282 0.2051358432 30 
0.9138666667 0.6022672288 0.1632620743 18 
0.9144 0.1715269996 0.0789822694 8 
0.9149333333 0.08259499909 0.05127205404 4 
0.9154666667 0.05084883934 0.05354060507 3 
0.916 0.05875605285 0.05383787156 3 
0.9165333333 0.00330449743 0.00330449743 1 
0.9170666667 0 0 0 
0.9176 0.004250700974 0.004250700974 1 
0.9181333333 0 0 0 
0.9186666667 0 0 0 
0.9192 0.003250818487 0.002444583463 2 
0.9197333333 0 0 0 
0.9202666667 0.002007686526 0.002007686526 1 
0.9208 0.004176892609 0.003057398732 2 
0.9213333333 0.001967581834 0.001967581834 1 
0.9218666667 0.002452482882 0.002452482882 1 
0.9224 0.002850729779 0.002569880949 2 
0.9229333333 0.0009566914625 0.0009566914625 1 
0.9234666667 0.008164622177 0.005134462487 3 
0.924 0 0 0 
0.9245333333 0 0 0 
0.9250666667 0 0 0 
0.9256 0.002473083504 0.002473083504 1 
0.9261333333 0 0 0 
0.9266666667 0 0 0 
0.9272 0.002643412708 0.002643412708 1 
0.9277333333 0 0 0 
0.9282666667 0 0 0 
0.9288 0 0 0 
0.9293333333 0.001991391751 0.001991391751 1 
0.9298666667 0 0 0 
0.9304 0 0 0 
0.9309333333 0 0 0 
0.9314666667 0 0 0 
0.932 0 0 0 
0.9325333333 0 0 0 
0.9330666667 0.004028742148 0.004028742148 1 
0.9336 0 0 0 
0.9341333333 0.002389922678 0.002389922678 1 
0.9346666667 0.005524106258 0.004195453513 3 
0.9352 0 0 0 
0.9357333333 0.002186703402 0.002186703402 1 
0.9362666667 0 0 0 
0.9368 0.001061036293 0.001061036293 1 
0.9373333333 0 0 0 
0.9378666667 0 0 0 
0.9384 0 0 0 
0.9389333333 0.0006881826354 0.0006881826354 1 
0.9394666667 0.001790201665 0.001790201665 1 
0.94 0 0 0 
0.9405333333 0.001993668138 0.001993668138 1 
0.9410666667 0 0 0 
0.9416 0.002557023639 0.002557023639 1 
0.9421333333 0 0 0 
0.9426666667 0 0 0 
0.9432 0 0 0 
0.9437333333 0.001986758716 0.001986758716 1 
0.9442666667 0.005032159606 0.003693973943 2 
0.9448 0 0 0 
0.9453333333 0 0 0 
0.9458666667 0 0 0 
0.9464 0 0 0 
0.9469333333 0 0 0 
0.9474666667 0.0037529808 0.003591108126 2 
0.948 0 0 0 
0.9485333333 0 0 0 
0.9490666667 0 0 0 
0.9496 0 0 0 
0.9501333333 0 0 0 
0.9506666667 0 0 0 
0.9512 0.004632002112 0.004632002112 1 
0.9517333333 0 0 0 
0.9522666667 0 0 0 
0.9528 0 0 0 
0.9533333333 0.003097532986 0.002989137908 2 
0.9538666667 0.01005001456 0.006059422675 3 
0.9544 0 0 0 
0.9549333333 0 0 0 
0.9554666667 0 0 0 
0.956 0 0 0 
0.9565333333 0 0 0 
0.9570666667 0 0 0 
0.9576 0.004283451829 0.004283451829 1 
0.9581333333 0.001790003579 0.001790003579 1 
0.9586666667 0.007050961199 0.004614354707 3 
0.9592 0.002381587222 0.002381587222 1 
0.9597333333 0 0 0 
0.9602666667 0.005866942056 0.005355726651 2 
0.9608 0 0 0 
0.9613333333 0 0 0 
0.9618666667 0 0 0 
0.9624 0 0 0 
0.9629333333 0.003153545275 0.003153545275 1 
0.9634666667 0 0 0 
0.964 0.002392059609 0.002392059609 1 
0.9645333333 0 0 0 
0.9650666667 0 0 0 
0.9656 0 0 0 
0.9661333333 0 0 0 
0.9666666667 0.002663524455 0.002663524455 1 
0.9672 0 0 0 
0.9677333333 0 0 0 
0.9682666667 0 0 0 
0.9688 0.003666037731 0.00375928419 2 
0.9693333333 0.001190549223 0.001190549223 1 
0.9698666667 0.003412650257 0.003412650257 1 
0.9704 0 0 0 
0.9709333333 0.002229652594 0.002363252839 2 
0.9714666667 0.00395999072 0.00395999072 1 
0.972 0.002325196901 0.002325196901 1 
0.9725333333 0.006047387866 0.006047387866 1 
0.9730666667 0.001723594621 0.001723594621 1 
0.9736 0 0 0 
0.9741333333 0 0 0 
0.9746666667 0.0009883823389 0.0007595897371 2 
0.9752 0 0 0 
0.9757333333 0 0 0 
0.9762666667 0.002449222436 0.002449222436 1 
0.9768 0.006148501031 0.004392820869 2 
0.9773333333 0 0 0 
0.9778666667 0.0005447995818 0.0005447995818 1 
0.9784 0 0 0 
0.9789333333 0 0 0 
0.9794666667 0 0 0 
0.98 0 0 0 
0.9805333333 0 0 0 
0.9810666667 0.008412306724 0.006974203336 2 
0.9816 0 0 0 
0.9821333333 0.002857462715 0.002857462715 1 
0.9826666667 0 0 0 
0.9832 0 0 0 
0.9837333333 0.003657258933 0.003657258933 1 
0.9842666667 0.001796887498 0.001796887498 1 
0.9848 0.001798708432 0.001798708432 1 
0.9853333333 0.004674977669 0.004674977669 1 
0.9858666667 0.004757440404 0.004757440404 1 
0.9864 0 0 0 
0.9869333333 0 0 0 
0.9874666667 0 0 0 
0.988 0.008890254165 0.005927722587 3 
0.9885333333 0 0 0 
0.9890666667 0 0 0 
0.9896 0 0 0 
0.9901333333 0 0 0 
0.9906666667 0 0 0 
0.9912 0 0 0 
0.9917333333 0.00566175475 0.004796366331 2 
0.9922666667 0 0 0 
0.9928 0.004603663034 0.004603663034 1 
0.9933333333 0.002014519769 0.002014519769 1 
0.9938666667 0.005543880583 0.00644679862 2 
0.9944 0 0 0 
0.9949333333 0.001720298344 0.001720298344 1 
0.9954666667 0 0 0 
0.996 0 0 0 
0.9965333333 0.001955645445 0.001955645445 1 
0.9970666667 0 0 0 
0.9976 0 0 0 
0.9981333333 0.0007575968769 0.0007575968769 1 
0.9986666667 0 0 0 
0.9992 0 0 0 
0.9997333333 0 0 0 
1.000266667 0 0 0 
1.0008 0 0 0 
1.001333333 0.0008282629963 0.0009309815093 2 
1.001866667 0 0 0 
1.0024 0.002736693728 0.002736693728 1 
1.002933333 0 0 0 
1.003466667 0 0 0 
1.004 0 0 0 
1.004533333 0 0 0 
1.005066667 0.004659450106 0.004659450106 1 
1.0056 0 0 0 
1.006133333 0.00117796247 0.00117796247 1 
1.006666667 0 0 0 
1.0072 0.002630210954 0.002630210954 1 
1.007733333 0 0 0 
1.008266667 0.004127761501 0.004127761501 1 
1.0088 0.00496566525 0.00496566525 1 
1.009333333 0 0 0 
1.009866667 0.0006679529281 0.0006679529281 1 
1.0104 0.0003542110331 0.0003542110331 1 
1.010933333 0.00238963132 0.00238963132 1 
1.011466667 0 0 0 
1.012 0.002666174048 0.001893487882 2 
1.012533333 0 0 0 
1.013066667 0 0 0 
1.0136 0 0 0 
1.014133333 0 0 0 
1.014666667 0.0007907580026 0.0007907580026 1 
1.0152 0 0 0 
1.015733333 0 0 0 
1.016266667 0 0 0 
1.0168 0.002050988145 0.002050988145 1 
1.017333333 0.02021744557 0.02021744557 1 
1.017866667 0.1015766198 0.05420711163 5 
1.0184 0.08998466236 0.05203127631 5 
1.018933333 0.1974181139 0.07352913612 9 
1.019466667 0.1469201625 0.06022254453 7 
1.02 0.5892383161 0.1308168621 27 
1.020533333 0.6464529722 0.1361189612 26 
1.021066667 0.7047225902 0.1600423426 24 
1.0216 0.4743426566 0.1155564383 22 
1.022133333 0.2429803827 0.08805405358 10 
1.022666667 0.2837071095 0.09486486537 13 
1.0232 0.04742092124 0.02631539848 4 
1.023733333 0.01584925982 0.01584925982 1 
1.024266667 0 0 0 
1.0248 0.005671502799 0.003760722389 3 
1.025333333 0.003447807105 0.003447807105 1 
1.025866667 0.002195748499 0.002195748499 1 
1.0264 0 0 0 
1.026933333 0.003395482677 0.003395482677 1 
1.027466667 0.0003634641409 0.0003634641409 1 
1.028 0 0 0 
1.028533333 0 0 0 
1.029066667 0 0 0 
1.0296 0 0 0 
1.030133333 0 0 0 
1.030666667 0.001690348442 0.001690348442 1 
1.0312 0.003134562164 0.002516728422 2 
1.031733333 0 0 0 
1.032266667 0 0 0 
1.0328 0 0 0 
1.033333333 0 0 0 
1.033866667 0 0 0 
1.0344 0.002526744041 0.001979636154 2 
1.034933333 0 0 0 
1.035466667 0 0 0 
1.036 0 0 0 
1.036533333 0 0 0 
1.037066667 0 0 0 
1.0376 0 0 0 
1.038133333 0 0 0 
1.038666667 0 0 0 
1.0392 0 0 0 
1.039733333 0.00285270314 0.003267566237 2 
1.040266667 0 0 0 
1.0408 0.005039280404 0.003768635909 2 
1.041333333 0.0009576127987 0.0009576127987 1 
1.041866667 0 0 0 
1.0424 0 0 0 
1.042933333 0.001378144485 0.001378144485 1 
1.043466667 0 0 0 
1.044 0.002671056361 0.002671056361 1 
1.044533333 0.001274007595 0.001274007595 1 
1.045066667 0 0 0 
1.0456 0 0 0 
1.046133333 0.002886283932 0.002886283932 1 
1.046666667 0.0006351201704 0.0006351201704 1 
1.0472 0.00558807457 0.004557863489 3 
1.047733333 0 0 0 
1.048266667 0.002445483364 0.002445483364 1 
1.0488 0.02385734555 0.02385734555 1 
1.049333333 0.03210682232 0.02041354588 3 
1.049866667 0.03924759316 0.0344219085 3 
1.0504 0.1147291677 0.06043175378 6 
1.050933333 0.3611102338 0.1122714779 16 
1.051466667 0.2668650981 0.08096777889 15 
1.052 0.1830152956 0.06020515211 15 
1.052533333 0.3862243029 0.08136939501 29 
1.053066667 0.4817143746 0.1006868695 29 
1.0536 0.4232862544 0.08788022674 32 
1.054133333 0.2588276484 0.06643320772 20 
1.054666667 0.1233614666 0.06621899436 7 
1.0552 0.109084163 0.04127539049 8 
1.055733333 0.08829641511 0.04384666144 5 
1.056266667 0.01593691368 0.01593691368 1 
1.0568 0.005128158472 0.006254734492 2 
1.057333333 0 0 0 
1.057866667 0 0 0 
1.0584 0.001563161909 0.001563161909 1 
1.058933333 0.002933771657 0.002933771657 1 
1.059466667 0 0 0 
1.06 0.002124086239 0.002124086239 1 
1.060533333 0.002033751022 0.002033751022 1 
1.061066667 0 0 0 
1.0616 0.002541362083 0.002541362083 1 
1.062133333 0.002546510397 0.002546510397 1 
1.062666667 0 0 0 
1.0632 0 0 0 
1.063733333 0 0 0 
1.064266667 0 0 0 
1.0648 0 0 0 
1.065333333 0 0 0 
1.065866667 0.002613963665 0.002613963665 1 
1.0664 0.005938048439 0.004477361676 2 
1.066933333 0 0 0 
1.067466667 0.002825427143 0.002825427143 1 
1.068 0 0 0 
1.068533333 0 0 0 
1.069066667 0 0 0 
1.0696 0.004233423819 0.003084746425 2 
1.070133333 0 0 0 
1.070666667 0.004359293064 0.003766450395 2 
1.0712 0 0 0 
1.071733333 0.001531938806 0.001531938806 1 
1.072266667 0 0 0 
1.0728 0 0 0 
1.073333333 0.004246236059 0.003087116333 2 
1.073866667 0.007607199625 0.007305775798 2 
1.0744 0 0 0 
1.074933333 0.001714117667 0.001714117667 1 
1.075466667 0.009081390934 0.006540503807 2 
1.076 0 0 0 
1.076533333 0 0 0 
1.077066667 0 0 0 
1.0776 0.005598733795 0.003390030628 3 
1.078133333 0.001774452939 0.001774452939 1 
1.078666667 0 0 0 
1.0792 0.002543192288 0.002543192288 1 
1.079733333 0 0 0 
1.080266667 0 0 0 
1.0808 0.002036867867 0.001537704258 2 
1.081333333 0.003276448573 0.003978927288 2 
1.081866667 0 0 0 
1.0824 0 0 0 
1.082933333 0 0 0 
1.083466667 0.004012131707 0.002875813221 2 
1.084 0.004211593556 0.004211593556 1 
1.084533333 0 0 0 
1.085066667 0.004520999994 0.003492905383 2 
1.0856 0 0 0 
1.086133333 0 0 0 
1.086666667 0.002294088726 0.002294088726 1 
1.0872 0 0 0 
1.087733333 0 0 0 
1.088266667 0.003194211574 0.003194211574 1 
1.0888 0.002291257183 0.002291257183 1 
1.089333333 0.001810284664 0.002099539284 2 
1.089866667 0.002544809873 0.002544809873 1 
1.0904 0 0 0 
1.090933333 0.001350113071 0.001350113071 1 
1.091466667 0.00347297755 0.00347297755 1 
1.092 0.0006575594932 0.0006575594932 1 
1.092533333 0.001512935729 0.001512935729 1 
1.093066667 0.002886007975 0.003415568385 2 
1.0936 0.002743939576 0.002047126796 2 
1.094133333 0 0 0 
1.094666667 0.002617545046 0.002617545046 1 
1.0952 0.006311365453 0.00381112099 4 
1.095733333 0.003058451202 0.0022194182 2 
1.096266667 0.009676402819 0.009676402819 1 
1.0968 0.02974372626 0.02188829845 3 
1.097333333 0.3406828014 0.1394817055 9 
1.097866667 1.210598422 0.2803837134 24 
1.0984 1.130580387 0.2772865056 23 
1.098933333 1.840908514 0.3623180213 36 
1.099466667 1.295065781 0.2959126269 25 
1.1 1.507861813 0.2934930064 38 
1.100533333 1.509230656 0.2907333472 36 
1.101066667 0.7769628694 0.2051347086 23 
1.1016 0.4750079131 0.1325308766 16 
1.102133333 0.454325887 0.1638721907 12 
1.102666667 0.06699301359 0.07117112567 4 
1.1032 0.07637820294 0.06475083333 2 
1.103733333 0.00274214978 0.003346155532 2 
1.104266667 0.001272008533 0.001272008533 1 
1.1048 0.0009499693456 0.0009499693456 1 
1.105333333 0.07749149466 0.07749149466 1 
1.105866667 0 0 0 
1.1064 0 0 0 
1.106933333 0.0008130095865 0.0008130095865 1 
1.107466667 0.002461590913 0.002461590913 1 
1.108 0 0 0 
1.108533333 0.00233401508 0.002787695193 2 
1.109066667 0.004462690919 0.004110015914 2 
1.1096 0.004454102374 0.00331194058 2 
1.110133333 0 0 0 
1.110666667 0.003979643328 0.003051920837 2 
1.1112 0.001347221875 0.001347221875 1 
1.111733333 0 0 0 
1.112266667 0 0 0 
1.1128 0.001571397695 0.001571397695 1 
1.113333333 0.005047088518 0.003300712482 3 
1.113866667 0.001450812127 0.001450812127 1 
1.1144 0.001969916753 0.001969916753 1 
1.114933333 0.0005905459923 0.0005905459923 1 
1.115466667 0 0 0 
1.116 0 0 0 
1.116533333 0.002854245186 0.002854245186 1 
1.117066667 0 0 0 
1.1176 0 0 0 
1.118133333 0.0002512447173 0.0002512447173 1 
1.118666667 0 0 0 
1.1192 0.001384878623 0.001384878623 1 
1.119733333 0 0 0 
1.120266667 0.004856291188 0.004354855808 2 
1.1208 0.001602733246 0.001149384433 2 
1.121333333 0 0 0 
1.121866667 0 0 0 
1.1224 0.003502805227 0.003502805227 1 
1.122933333 0.002162152968 0.002162152968 1 
1.123466667 0.008712040534 0.004843167307 4 
1.124 0.0009382428917 0.0009382428917 1 
1.124533333 0.002548095038 0.002548095038 1 
1.125066667 0.007304885568 0.004641351182 3 
1.1256 0.002017646397 0.002017646397 1 
1.126133333 0 0 0 
1.126666667 0 0 0 
1.1272 0.002148136861 0.002148136861 1 
1.127733333 0 0 0 
1.128266667 0.006206722035 0.004824838314 2 
1.1288 0 0 0 
1.129333333 0.001719305021 0.001719305021 1 
1.129866667 0 0 0 
1.1304 0 0 0 
1.130933333 0.0029748343 0.0029748343 1 
1.131466667 0 0 0 
1.132 0 0 0 
1.132533333 0 0 0 
1.133066667 0.0008476909077 0.0008476909077 1 
1.1336 0 0 0 
1.134133333 0.002265235782 0.002265235782 1 
1.134666667 0.002000871919 0.002000871919 1 
1.1352 0.0006850703862 0.0006850703862 1 
1.135733333 0.002874677819 0.002874677819 1 
1.136266667 0.0009617296593 0.0009617296593 1 
1.1368 0 0 0 
1.137333333 0.001194005898 0.001310974276 2 
1.137866667 0 0 0 
1.1384 0 0 0 
1.138933333 0 0 0 
1.139466667 0.002277885011 0.002277885011 1 
1.14 0.007241518882 0.003831096472 5 
1.140533333 0.002877835738 0.002877835738 1 
1.141066667 0 0 0 
1.1416 0.001024938093 0.001024938093 1 
1.142133333 0.0007346602768 0.0007346602768 1 
1.142666667 0 0 0 
1.1432 0 0 0 
1.143733333 0.002002573006 0.002002573006 1 
1.144266667 0.002778987657 0.002251558744 2 
1.1448 0 0 0 
1.145333333 0.00471760727 0.004519951202 2 
1.145866667 0.002805286341 0.002365065269 2 
1.1464 0 0 0 
1.146933333 0 0 0 
1.147466667 0 0 0 
1.148 0 0 0 
1.148533333 0 0 0 
1.149066667 0.005130955953 0.003631891352 2 
1.1496 0.000600169754 0.000600169754 1 
1.150133333 0.001046872958 0.001046872958 1 
1.150666667 0 0 0 
1.1512 0 0 0 
1.151733333 0.0007971430876 0.0007971430876 1 
1.152266667 0 0 0 
1.1528 0.001608474741 0.001608474741 1 
1.153333333 0.0009382021055 0.0009382021055 1 
1.153866667 0 0 0 
1.1544 0 0 0 
1.154933333 0 0 0 
1.155466667 0 0 0 
1.156 0 0 0 
1.156533333 0.002586963966 0.002586963966 1 
1.157066667 0.001708941049 0.001708941049 1 
1.1576 0.001524940712 0.001524940712 1 
1.158133333 0.005834489455 0.003186544208 4 
1.158666667 0.002559536466 0.002559536466 1 
1.1592 0 0 0 
1.159733333 0.002846181561 0.00219469235 2 
1.160266667 0 0 0 
1.1608 0.001824274015 0.001824274015 1 
1.161333333 0.002265218219 0.002265218219 1 
1.161866667 0 0 0 
1.1624 0 0 0 
1.162933333 0.003431030343 0.002429415789 2 
1.163466667 0 0 0 
1.164 0 0 0 
1.164533333 3.411648859e-05 3.411648859e-05 1 
1.165066667 0 0 0 
1.1656 0.001399764428 0.001399764428 1 
1.166133333 0 0 0 
1.166666667 0 0 0 
1.1672 0.001331936415 0.001331936415 1 
1.167733333 0.001931366016 0.002099921166 2 
1.168266667 0 0 0 
1.1688 0.001111524125 0.001111524125 1 
1.169333333 0.003247365528 0.002646978119 2 
1.169866667 0 0 0 
1.1704 0.002153667208 0.002153667208 1 
1.170933333 0 0 0 
1.171466667 0 0 0 
1.172 0.0007250829652 0.0007250829652 1 
1.172533333 0.004590717083 0.004590717083 1 
1.173066667 0 0 0 
1.1736 0.05899376796 0.06350689143 3 
1.174133333 0.001396033921 0.001396033921 1 
1.174666667 0.04678778087 0.05562139182 2 
1.1752 0.1602758858 0.07336478616 7 
1.175733333 0.8362173323 0.2398880711 16 
1.176266667 1.100714042 0.2798886884 23 
1.1768 1.319415539 0.2846020923 35 
1.177333333 1.513606637 0.2563293967 42 
1.177866667 2.463820623 0.3941151523 55 
1.1784 2.125546734 0.3273386902 52 
1.178933333 2.264141021 0.3704661682 51 
1.179466667 1.469840412 0.2796762946 37 
1.18 1.709566025 0.3064797726 43 
1.180533333 0.9345569115 0.2171447301 23 
1.181066667 0.3838572541 0.1494203404 10 
1.1816 0.5125978567 0.1776508545 10 
1.182133333 0.05535234415 0.0396698035 2 
1.182666667 0.1616842523 0.1134028183 3 
1.1832 0.003401980922 0.00240624734 2 
1.183733333 0.005220842271 0.0044884887 2 
1.184266667 0 0 0 
1.1848 0 0 0 
1.185333333 0.003576541002 0.002529917499 2 
1.185866667 0 0 0 
1.1864 0.0001358343817 0.0001358343817 1 
1.186933333 0 0 0 
1.187466667 0.0005683679047 0.0005683679047 1 
1.188 0.002582255593 0.001534643422 3 
1.188533333 0.001627350473 0.001946035306 2 
1.189066667 0.001545627229 0.001545627229 1 
1.1896 0.0008274306035 0.0008274306035 1 
1.190133333 0.0002744086574 0.0002744086574 1 
1.190666667 0.002126419149 0.002126419149 1 
1.1912 0.007433745222 0.004927815478 3 
1.191733333 0.001490637547 0.001054107893 2 
1.192266667 0 0 0 
1.1928 0.00236709348 0.002028068812 2 
1.193333333 0.002472500784 0.002030863023 2 
1.193866667 0 0 0 
1.1944 0 0 0 
1.194933333 0.001669921305 0.001669921305 1 
1.195466667 0 0 0 
1.196 0.0009371592252 0.001110856323 2 
1.196533333 0.002861889908 0.002066879218 2 
1.197066667 0 0 0 
1.1976 0.0009157825292 0.0009157825292 1 
1.198133333 0.00428731122 0.00428731122 1 
1.198666667 0 0 0 
1.1992 0 0 0 
1.199733333 0.0007263517216 0.0007263517216 1 
1.200266667 0 0 0 
1.2008 0 0 0 
1.201333333 0 0 0 
1.201866667 0 0 0 
1.2024 0.0007036350574 0.0007036350574 1 
1.202933333 0 0 0 
1.203466667 0 0 0 
1.204 0.001293235712 0.001273670628 2 
1.204533333 0 0 0 
1.205066667 0 0 0 
1.2056 0 0 0 
1.206133333 0.001379015519 0.001379015519 1 
1.206666667 0.001126522241 0.001126522241 1 
1.2072 0.001012077514 0.001012077514 1 
1.207733333 0 0 0 
1.208266667 0.002840070626 0.002228284149 2 
1.2088 0 0 0 
1.209333333 0.001742655085 0.001360720997 2 
1.209866667 0 0 0 
1.2104 0 0 0 
1.210933333 0 0 0 
1.211466667 0.001240870622 0.001240870622 1 
1.212 0 0 0 
1.212533333 0.007579413492 0.005016388087 4 
1.213066667 0.002811192659 0.002519917417 2 
1.2136 0 0 0 
1.214133333 0.001064114219 0.001064114219 1 
1.214666667 0 0 0 
1.2152 0.003067934391 0.003067934391 1 
1.215733333 0.001899904799 0.001373847535 2 
1.216266667 0.001107966681 0.001107966681 1 
1.2168 0 0 0 
1.217333333 0.001627881257 0.001226260713 2 
1.217866667 0 0 0 
1.2184 0 0 0 
1.218933333 0.001407582167 0.001407582167 1 
1.219466667 0.001997965936 0.00143928485 2 
1.22 0 0 0 
1.220533333 0.001766447786 0.001766447786 1 
1.221066667 0 0 0 
1.2216 0 0 0 
1.222133333 0 0 0 
1.222666667 0.0006047006075 0.0006047006075 1 
1.2232 0 0 0 
1.223733333 0 0 0 
1.224266667 0.004076889222 0.004076889222 1 
1.2248 7.141757197e-05 7.141757197e-05 1 
1.225333333 0.0006218406873 0.0006218406873 1 
1.225866667 0 0 0 
1.2264 0.001426203581 0.001643483371 2 
1.226933333 0 0 0 
1.227466667 0.0006872891508 0.0006872891508 1 
1.228 0 0 0 
1.228533333 0.001206731028 0.001206731028 1 
1.229066667 0 0 0 
1.2296 0.002337254324 0.00179056992 2 
1.230133333 0.001291928269 0.001291928269 1 
1.230666667 0.002861890342 0.002861890342 1 
1.2312 0.002499662523 0.002499662523 1 
1.231733333 0.001663214516 0.001663214516 1 
1.232266667 0.001462304113 0.001462304113 1 
1.2328 0.0002881073194 0.0002881073194 1 
1.233333333 0 0 0 
1.233866667 0.001489391263 0.001489391263 1 
1.2344 0 0 0 
1.234933333 0.001192133544 0.001192133544 1 
1.235466667 0 0 0 
1.236 0.001268811797 0.001039483103 3 
1.236533333 0.002049264542 0.002049264542 1 
1.237066667 0.001301134881 0.001301134881 1 
1.2376 0 0 0 
1.238133333 0.002597850734 0.001709968097 3 
1.238666667 0.002644426011 0.001899249565 2 
1.2392 0.000780752693 0.000780752693 1 
1.239733333 0 0 0 
1.240266667 0.0009238600415 0.0009238600415 1 
1.2408 0 0 0 
1.241333333 0.001906348563 0.00173258374 2 
1.241866667 0.001290842078 0.001457206751 2 
1.2424 0 0 0 
1.242933333 0 0 0 
1.243466667 0.005696806823 0.004927019645 2 
1.244 0.000212659071 0.000212659071 1 
1.244533333 0.0007312784242 0.0007312784242 1 
1.245066667 0 0 0 
1.2456 0.003351246931 0.002575391979 2 
1.246133333 0.001673923987 0.001673923987 1 
1.246666667 0 0 0 
1.2472 0 0 0 
1.247733333 0 0 0 
1.248266667 0 0 0 
1.2488 0 0 0 
1.249333333 0.001247410254 0.001247410254 1 
1.249866667 0.0008163539391 0.0008163539391 1 
1.2504 0.0002741404444 0.0002741404444 1 
1.250933333 0.0008617529329 0.0008617529329 1 
1.251466667 0 0 0 
1.252 0.00384398153 0.00384398153 1 
1.252533333 0.001474445444 0.001474445444 1 
1.253066667 0.001656322969 0.001656322969 1 
1.2536 0.002630924105 0.001860349743 2 
1.254133333 0.00210613075 0.00210613075 1 
1.254666667 0.002887531325 0.001721033652 3 
1.2552 0.005876232691 0.002999117389 4 
1.255733333 0 0 0 
1.256266667 0.002625284329 0.002625284329 1 
1.2568 0 0 0 
1.257333333 0.003816034029 0.002417193339 3 
1.257866667 0 0 0 
1.2584 0 0 0 
1.258933333 0.0009066634967 0.0009066634967 1 
1.259466667 0 0 0 
1.26 0 0 0 
1.260533333 0.0009182142813 0.0009182142813 1 
1.261066667 0.001777035413 0.001777035413 1 
1.2616 0 0 0 
1.262133333 0 0 0 
1.262666667 0 0 0 
1.2632 0.002402027096 0.002402027096 1 
1.263733333 0.00192470013 0.00192470013 1 
1.264266667 0 0 0 
1.2648 0.0009433401579 0.0009433401579 1 
1.265333333 0 0 0 
1.265866667 0.001149829667 0.001149829667 1 
1.2664 0.001002793499 0.001002793499 1 
1.266933333 0 0 0 
1.267466667 0 0 0 
1.268 0.001079570443 0.001079570443 1 
1.268533333 0.0002726495214 0.0003008015047 2 
1.269066667 0 0 0 
1.2696 0.002849702302 0.00217771634 2 
1.270133333 0.002202966914 0.00159199246 2 
1.270666667 0 0 0 
1.2712 0.0001796776682 0.0001796776682 1 
1.271733333 0 0 0 
1.272266667 0 0 0 
1.2728 0 0 0 
1.273333333 0.00358663546 0.00358663546 1 
1.273866667 0.0001256677505 0.0001256677505 1 
1.2744 0 0 0 
1.274933333 0 0 0 
1.275466667 0.003012222432 0.002337444956 2 
1.276 4.134887922e-05 4.134887922e-05 1 
1.276533333 0.0007003042169 0.0007003042169 1 
1.277066667 0.002288497898 0.001734802675 2 
1.2776 0 0 0 
1.278133333 0 0 0 
1.278666667 0 0 0 
1.2792 0.0008662672279 0.0008662672279 1 
1.279733333 0 0 0 
1.280266667 0.0008974694924 0.0008974694924 1 
1.2808 0.001813187369 0.001456824249 2 
1.281333333 0.0009327987906 0.0009327987906 1 
1.281866667 0.004890086377 0.003291353812 3 
1.2824 0.0008063294859 0.0008063294859 1 
1.282933333 0 0 0 
1.283466667 0.0007815943354 0.0007815943354 1 
1.284 0.001891117584 0.001891117584 1 
1.284533333 0.01843088072 0.01614406939 3 
1.285066667 0.001144063965 0.001144063965 1 
1.2856 0.1330131872 0.06697533448 7 
1.286133333 0.1714854463 0.07895103539 8 
1.286666667 0.2903830617 0.09826144 14 
1.2872 0.439838666 0.1075154509 21 
1.287733333 0.7815552549 0.1561663711 36 
1.288266667 0.8764364858 0.1495970741 44 
1.2888 1.060520342 0.1775326789 49 
1.289333333 1.168261031 0.1788540946 56 
1.289866667 1.470260265 0.1903535089 75 
1.2904 1.406128315 0.1819688179 78 
1.290933333 0.9874910749 0.1522406723 55 
1.291466667 0.7694785864 0.1351489901 42 
1.292 0.6596066406 0.1347256077 29 
1.292533333 0.2475000927 0.06944797792 15 
1.293066667 0.1349710019 0.04658836978 9 
1.2936 0.08239628785 0.0358999026 8 
1.294133333 0.0006261361899 0.0006261361899 1 
1.294666667 0.0205694061 0.0205694061 1 
1.2952 0.001220062848 0.001220062848 1 
1.295733333 0 0 0 
1.296266667 0 0 0 
1.2968 0.004465052431 0.003218892021 2 
1.297333333 0.003148154363 0.003148154363 1 
1.297866667 0.001157265613 0.001157265613 1 
1.2984 0.005924321344 0.00428327048 2 
1.298933333 0.001957160177 0.001957160177 1 
1.299466667 0.001085963744 0.001085963744 1 
1.3 0 0 0 
1.300533333 0.001939690981 0.001939690981 1 
1.301066667 0.000974221969 0.000974221969 1 
1.3016 0.000235085918 0.000235085918 1 
1.302133333 0 0 0 
1.302666667 0 0 0 
1.3032 0.003157044585 0.001849572082 3 
1.303733333 0.001020989211 0.001020989211 1 
1.304266667 0.00336020058 0.00241055507 2 
1.3048 0.0009971250469 0.0009971250469 1 
1.305333333 0.0007562587578 0.0007562587578 1 
1.305866667 0.001755139836 0.001755139836 1 
1.3064 0 0 0 
1.306933333 0 0 0 
1.307466667 0 0 0 
1.308 0 0 0 
1.308533333 0 0 0 
1.309066667 0 0 0 
1.3096 0 0 0 
1.310133333 0.001007070853 0.001007070853 1 
1.310666667 7.664400177e-05 7.664400177e-05 1 
1.3112 0 0 0 
1.311733333 0 0 0 
1.312266667 0 0 0 
1.3128 0.007197196837 0.004594303651 3 
1.313333333 0 0 0 
1.313866667 0.00186392008 0.00186392008 1 
1.3144 0 0 0 
1.314933333 0.001705562274 0.001705562274 1 
1.315466667 0 0 0 
1.316 0.002666620224 0.001889069665 2 
1.316533333 0 0 0 
1.317066667 0.004214712111 0.003074024231 3 
1.3176 0.001485489159 0.001485489159 1 
1.318133333 0.001148719407 0.001148719407 1 
1.318666667 0.001421396037 0.001421396037 1 
1.3192 0.005535841158 0.003368807328 3 
1.319733333 0.001392714777 0.001392714777 1 
1.320266667 0.002604903612 0.002604903612 1 
1.3208 0.002205620408 0.002205620408 1 
1.321333333 0 0 0 
1.321866667 0.0010163365 0.0010163365 1 
1.3224 0 0 0 
1.322933333 0.0003568467811 0.0003568467811 1 
1.323466667 0.004622500427 0.003483187923 2 
1.324 0.002927135489 0.002330069149 2 
1.324533333 0 0 0 
1.325066667 0 0 0 
1.3256 0 0 0 
1.326133333 0.002140225996 0.001646795306 3 
1.326666667 0 0 0 
1.3272 0.0008757792705 0.0008757792705 1 
1.327733333 0.001543067914 0.001543067914 1 
1.328266667 0.002035723385 0.002121834914 2 
1.3288 0.001477568992 0.001477568992 1 
1.329333333 0.002992629093 0.002207672978 2 
1.329866667 0 0 0 
1.3304 0.002019825936 0.001430792532 2 
1.330933333 0 0 0 
1.331466667 0.006139058525 0.002800900145 5 
1.332 0.0006985034024 0.0006985034024 1 
1.332533333 0 0 0 
1.333066667 0 0 0 
1.3336 0.0005566734864 0.0005566734864 1 
1.334133333 0.0017028902 0.0017028902 1 
1.334666667 0.001673996976 0.001673996976 1 
1.3352 0.0007805057138 0.0007805057138 1 
1.335733333 0.00249690169 0.00249690169 1 
1.336266667 0.0008579350333 0.0008579350333 1 
1.3368 0.0061805565 0.003199309039 4 
1.337333333 0.0008680032676 0.0008680032676 1 
1.337866667 0 0 0 
1.3384 0.0001176218331 0.0001176218331 1 
1.338933333 0.002436796105 0.002006142708 3 
1.339466667 0.0007772511593 0.0007772511593 1 
1.34 0.003816827722 0.002822549582 2 
1.340533333 0 0 0 
1.341066667 0.002375957674 0.001784331002 2 
1.3416 0 0 0 
1.342133333 0.002537280649 0.002246641307 2 
1.342666667 0.0008600207145 0.0008600207145 1 
1.3432 0 0 0 
1.343733333 0.0003233040038 0.0003233040038 1 
1.344266667 0 0 0 
1.3448 0.0009080245803 0.0009080245803 1 
1.345333333 0.003370098195 0.002418832473 2 
1.345866667 0 0 0 
1.3464 0.002414850653 0.001824255768 2 
1.346933333 0 0 0 
1.347466667 0 0 0 
1.348 9.54039454e-05 9.54039454e-05 1 
1.348533333 0.002966943156 0.002966943156 1 
1.349066667 0.002844072381 0.001809501798 3 
1.3496 0.005657429898 0.003310491934 3 
1.350133333 0.00105929766 0.00105929766 1 
1.350666667 0.0004373898013 0.0004373898013 1 
1.3512 0 0 0 
1.351733333 0 0 0 
1.352266667 0.000803197601 0.000803197601 1 
1.3528 0 0 0 
1.353333333 0.003720707548 0.002332061295 3 
1.353866667 0.001676961344 0.001676961344 1 
1.3544 0.004678544936 0.002466475004 4 
1.354933333 0.004803147683 0.003616339834 2 
1.355466667 0.0009879998164 0.0009879998164 1 
1.356 0.002433146022 0.00184746553 2 
1.356533333 0.0006049960754 0.0006049960754 1 
1.357066667 0.0008510364069 0.0008510364069 1 
1.3576 0 0 0 
1.358133333 0.004683600451 0.002381648068 4 
1.358666667 0.003259604441 0.003259604441 1 
1.3592 0.001813693618 0.001813693618 1 
1.359733333 0.0021520764 0.0021520764 1 
1.360266667 0 0 0 
1.3608 0 0 0 
1.361333333 0 0 0 
1.361866667 0 0 0 
1.3624 0.0009130124681 0.0009130124681 1 
1.362933333 0.003529597846 0.002497772533 2 
1.363466667 0 0 0 
1.364 0.003817941451 0.002708320068 2 
1.364533333 0.0008290209937 0.0008290209937 1 
1.365066667 0 0 0 
1.3656 0 0 0 
1.366133333 0.004384101374 0.002707084519 3 
1.366666667 0.004548572451 0.004548572451 1 
1.3672 0.001239892754 0.001504101223 2 
1.367733333 0.003559225617 0.003559225617 1 
1.368266667 0.003242899793 0.002052725078 3 
1.3688 0 0 0 
1.369333333 0.001535273363 0.001086128493 2 
1.369866667 0.001891072254 0.001891072254 1 
1.3704 0.002836341258 0.002080733016 2 
1.370933333 0.001948525708 0.001948525708 1 
1.371466667 0.0005143550406 0.0005143550406 1 
1.372 0.002840584576 0.00195433593 3 
1.372533333 0.001947542217 0.001823381067 2 
1.373066667 0.003749669665 0.002988978533 3 
1.3736 0.001689357689 0.001194563783 2 
1.374133333 0 0 0 
1.374666667 0.0009772360761 0.0009772360761 1 
1.3752 0.003425398743 0.002558642546 2 
1.375733333 0 0 0 
1.376266667 0.003169863858 0.00250360338 2 
1.3768 0.001068644017 0.001183817642 2 
1.377333333 0.002887701908 0.00181283832 3 
1.377866667 0 0 0 
1.3784 0.002569176069 0.001821362347 3 
1.378933333 0 0 0 
1.379466667 0 0 0 
1.38 0.001385103644 0.001385103644 1 
1.380533333 0.0009647394734 0.0009647394734 1 
1.381066667 0.002090002887 0.001720700233 2 
1.3816 0 0 0 
1.382133333 6.588554277e-05 6.588554277e-05 1 
1.382666667 0 0 0 
1.3832 0 0 0 
1.383733333 0.002833121963 0.002160295943 3 
1.384266667 0.001278219861 0.001278219861 1 
1.3848 0 0 0 
1.385333333 0 0 0 
1.385866667 0.002490082574 0.00179853056 2 
1.3864 0.001437673414 0.001437673414 1 
1.386933333 0 0 0 
1.387466667 0.0002739751287 0.0002739751287 1 
1.388 0.001208046747 0.001208046747 1 
1.388533333 0 0 0 
1.389066667 0 0 0 
1.3896 0.002716967977 0.001737660907 3 
1.390133333 0.00055655303 0.00055655303 1 
1.390666667 0.00164702709 0.001534361834 2 
1.3912 0 0 0 
1.391733333 0.003349892494 0.002578841417 2 
1.392266667 0 0 0 
1.3928 0.001128341764 0.001128341764 1 
1.393333333 0.003950660023 0.003216511382 2 
1.393866667 0 0 0 
1.3944 0.00150801442 0.00150801442 1 
1.394933333 0.001651199515 0.001172002079 2 
1.395466667 0.0005465171969 0.0005465171969 1 
1.396 0.00199979055 0.00199979055 1 
1.396533333 0.001168345237 0.001168345237 1 
1.397066667 0.001325212471 0.001325212471 1 
1.3976 0.002638070934 0.001871474486 2 
1.398133333 0.00164493693 0.00164493693 1 
1.398666667 0 0 0 
1.3992 0.003488101734 0.001922490776 4 
1.399733333 0.002955208865 0.002955208865 1 
1.400266667 0.0006508393344 0.0007318757987 2 
1.4008 0 0 0 
1.401333333 0.001525735072 0.001525735072 1 
1.401866667 0.0008787685169 0.0008787685169 1 
1.4024 0 0 0 
1.402933333 9.600289433e-05 9.600289433e-05 1 
1.403466667 0.001748034238 0.001748034238 1 
1.404 0 0 0 
1.404533333 0.00168555198 0.001320021882 2 
1.405066667 0.002936127882 0.002273117099 2 
1.4056 0.003587856016 0.003145156027 2 
1.406133333 0.00205718353 0.00205718353 1 
1.406666667 0.001375450079 0.001375450079 1 
1.4072 0.001878221264 0.001878221264 1 
1.407733333 0 0 0 
1.408266667 0 0 0 
1.4088 0 0 0 
1.409333333 0 0 0 
1.409866667 0.001099211366 0.001099211366 1 
1.4104 0 0 0 
1.410933333 0.0009730318318 0.0009730318318 1 
1.411466667 0.0008801044787 0.0008801044787 1 
1.412 0 0 0 
1.412533333 0 0 0 
1.413066667 0.001481006408 0.001481006408 1 
1.4136 0 0 0 
1.414133333 0.001994568382 0.001412391204 2 
1.414666667 0.001948420425 0.001948420425 1 
1.4152 0.003424451425 0.002597609491 3 
1.415733333 0.002035101679 0.002035101679 1 
1.416266667 0.001983112189 0.001983112189 1 
1.4168 0 0 0 
1.417333333 0.002537706965 0.002220018728 2 
1.417866667 0.00187418197 0.00187418197 1 
1.4184 0.00137695316 0.00137695316 1 
1.418933333 0.001589008117 0.001589008117 1 
1.419466667 0.0008533590655 0.0008533590655 1 
1.42 0.002402974209 0.001702580019 4 
1.420533333 0.002699163664 0.002248872891 2 
1.421066667 0 0 0 
1.4216 0.00197507965 0.00197507965 1 
1.422133333 0.001155511875 0.001155511875 1 
1.422666667 0 0 0 
1.4232 0 0 0 
1.423733333 0.001317460102 0.001317460102 1 
1.424266667 0.003696201418 0.004346961112 2 
1.4248 0.001648990027 0.001648990027 1 
1.425333333 0.0007448376294 0.0007448376294 1 
1.425866667 0 0 0 
1.4264 0 0 0 
1.426933333 0.0009703163447 0.0009703163447 1 
1.427466667 0.0007356137446 0.0007356137446 1 
1.428 0.002572129292 0.001981540567 2 
1.428533333 0.001700784326 0.001263621925 2 
1.429066667 0 0 0 
1.4296 0.001465139748 0.001465139748 1 
1.430133333 0 0 0 
1.430666667 5.421478017e-05 5.421478017e-05 1 
1.4312 0 0 0 
1.431733333 0.002122077651 0.002122077651 1 
1.432266667 0.003897045181 0.00291870116 2 
1.4328 0.004260203876 0.002534454831 3 
1.433333333 0.001234122539 0.001234122539 1 
1.433866667 0.002233306529 0.001753306784 2 
1.4344 0.0009881404482 0.0009881404482 1 
1.434933333 0.002674653307 0.002674653307 1 
1.435466667 0.001401214073 0.0009457994578 3 
1.436 0 0 0 
1.436533333 0.0009309038454 0.0009309038454 1 
1.437066667 0.003927630144 0.002848623835 3 
1.4376 0.02190794544 0.01573662846 2 
1.438133333 0.0669659636 0.0393681802 4 
1.438666667 0.1901568719 0.06052225092 11 
1.4392 0.0635237073 0.03113227109 7 
1.439733333 0.3270674655 0.07802223472 23 
1.440266667 0.4547836886 0.08774761022 36 
1.4408 0.5429579818 0.09642930399 44 
1.441333333 0.8395214845 0.1117498328 73 
1.441866667 0.9134451401 0.1137966232 87 
1.4424 1.088809105 0.1311601621 94 
1.442933333 1.305287527 0.143966813 111 
1.443466667 1.164754315 0.1392507087 104 
1.444 1.190745068 0.1339971124 110 
1.444533333 1.021945648 0.1249480654 89 
1.445066667 0.6425342003 0.09606523757 61 
1.4456 0.5592094585 0.09071641302 49 
1.446133333 0.3880893037 0.07284244649 40 
1.446666667 0.2351137246 0.05761373512 24 
1.4472 0.1791751501 0.053516051 13 
1.447733333 0.07290586552 0.0289160723 8 
1.448266667 0.04448231796 0.01961680043 9 
1.4488 0.009943184027 0.009680877951 2 
1.449333333 0.02244417573 0.02582298934 2 
1.449866667 0.01525439908 0.01715598185 2 
1.4504 0 0 0 
1.450933333 0 0 0 
1.451466667 0 0 0 
1.452 0.001302167498 0.001302167498 1 
1.452533333 0.0003285501031 0.0003285501031 1 
1.453066667 0.003236389549 0.002054523457 3 
1.4536 0.001521733079 0.001521733079 1 
1.454133333 0.003142462656 0.001762555991 4 
1.454666667 0.0005003535131 0.0005003535131 1 
1.4552 0.001998868106 0.001998868106 1 
1.455733333 0 0 0 
1.456266667 0.00146303267 0.001244912286 2 
1.4568 0.0007514224513 0.0007514224513 1 
1.457333333 0 0 0 
1.457866667 0.0005953048781 0.0005953048781 1 
1.4584 0.002869462428 0.002869462428 1 
1.458933333 0 0 0 
1.459466667 0.001363353773 0.0009827816169 2 
1.46 0.001052414384 0.001052414384 1 
1.460533333 0.001775938011 0.001775938011 1 
1.461066667 0 0 0 
1.4616 0.009702966093 0.004630335789 6 
1.462133333 0.0017001964 0.0017001964 1 
1.462666667 0.001741308321 0.001370202624 2 
1.4632 0 0 0 
1.463733333 0.0004663784945 0.0004663784945 1 
1.464266667 0.0008128836743 0.0008128836743 1 
1.4648 0.001351650958 0.0009746555486 2 
1.465333333 0.00146306751 0.00146306751 1 
1.465866667 0.002932126832 0.00161239075 4 
1.4664 0.0005740063989 0.0005740063989 1 
1.466933333 0 0 0 
1.467466667 0.003899527745 0.002843666533 3 
1.468 0.002011892146 0.002011892146 1 
1.468533333 0.001109519333 0.001109519333 1 
1.469066667 0.002044656853 0.001348782868 3 
1.4696 0.001507152092 0.001148348413 2 
1.470133333 0.001905462378 0.001905462378 1 
1.470666667 0.0007950762118 0.0007950762118 1 
1.4712 0 0 0 
1.471733333 0 0 0 
1.472266667 0.0007603707003 0.0009244690792 2 
1.4728 0 0 0 
1.473333333 0 0 0 
1.473866667 0 0 0 
1.4744 0.002436693688 0.002436693688 1 
1.474933333 0.003705917866 0.003030646803 2 
1.475466667 0.003852286725 0.00296239253 2 
1.476 0 0 0 
1.476533333 0.0006974664926 0.0006974664926 1 
1.477066667 0.001535417452 0.001360461513 2 
1.4776 0.001869849522 0.00140398652 2 
1.478133333 0 0 0 
1.478666667 0.001427767211 0.001199531877 2 
1.4792 0.002702768933 0.002702768933 1 
1.479733333 0.0007876727131 0.0007876727131 1 
1.480266667 0.002720287848 0.002720287848 1 
1.4808 0 0 0 
1.481333333 0.001016981955 0.001016981955 1 
1.481866667 0 0 0 
1.4824 0.001612432203 0.001170152188 2 
1.482933333 0.003070175046 0.002171922915 2 
1.483466667 0.001661645241 0.001661645241 1 
1.484 0.0006487020495 0.0006487020495 1 
1.484533333 0.0006815299252 0.0006815299252 1 
1.485066667 0.004440940283 0.002588027151 3 
1.4856 0.002250171882 0.002054939721 2 
1.486133333 0.004824246431 0.002569488204 5 
1.486666667 0 0 0 
1.4872 0 0 0 
1.487733333 0 0 0 
1.488266667 0.004692219641 0.002535451042 5 
1.4888 0 0 0 
1.489333333 0.00696738825 0.005188310573 3 
1.489866667 0.0007466150192 0.0007466150192 1 
1.4904 0.0005732007766 0.0005732007766 1 
1.490933333 0.004044253592 0.002760302754 3 
1.491466667 0.003218891558 0.003218891558 1 
1.492 0.003244786416 0.003025218381 2 
1.492533333 0.001305551786 0.001305551786 1 
1.493066667 0.0006042853655 0.0006042853655 1 
1.4936 0.001556489001 0.001556489001 1 
1.494133333 0 0 0 
1.494666667 0.002000296981 0.002084211154 2 
1.4952 0 0 0 
1.495733333 0.001468680653 0.001468680653 1 
1.496266667 0.001846028286 0.00212301008 2 
1.4968 0 0 0 
1.497333333 0.001136061086 0.0008189781576 2 
1.497866667 0.001434609544 0.001434609544 1 
1.4984 0 0 0 
1.498933333 0 0 0 
1.499466667 0.002212005406 0.002212005406 1 
1.5 0.0004534237871 0.0004534237871 1 
1.500533333 0.00221883018 0.00221883018 1 
1.501066667 0 0 0 
1.5016 0.0023448587 0.001695471656 2 
1.502133333 0 0 0 
1.502666667 0 0 0 
1.5032 0.001492264215 0.001492264215 1 
1.503733333 0.00144843237 0.00144843237 1 
1.504266667 0.001314644944 0.001314644944 1 
1.5048 0 0 0 
1.505333333 0.002358435442 0.002358435442 1 
1.505866667 0.0005096119648 0.0005096119648 1 
1.5064 0 0 0 
1.506933333 0 0 0 
1.507466667 0.002643963662 0.002643963662 1 
1.508 0.004687447853 0.003425248305 2 
1.508533333 0.0008242722808 0.0008242722808 1 
1.509066667 0.002379597437 0.001658845905 3 
1.5096 0 0 0 
1.510133333 0.002526480436 0.001786804008 2 
1.510666667 0 0 0 
1.5112 0.002699456118 0.002699456118 1 
1.511733333 0.002955514711 0.002333005844 2 
1.512266667 0.00175606383 0.001742405744 2 
1.5128 0.001634043527 0.001634043527 1 
1.513333333 0.003833090627 0.00248987229 3 
1.513866667 0.001014235883 0.0008170866484 2 
1.5144 0.001786343244 0.001786343244 1 
1.514933333 0.001607320119 0.001192452708 2 
1.515466667 0.00304392313 0.002205954162 2 
1.516 0.003594531865 0.004385570998 2 
1.516533333 0.004756882861 0.002941836376 4 
1.517066667 0 0 0 
1.5176 0.002455505165 0.002453291653 2 
1.518133333 0.003510641166 0.002525189709 2 
1.518666667 0 0 0 
1.5192 0.001565001985 0.001565001985 1 
1.519733333 0.005554207047 0.00347472268 3 
1.520266667 0.002610733216 0.002330049744 2 
1.5208 0.0002381206112 0.0002381206112 1 
1.521333333 0.001938046392 0.001489554561 2 
1.521866667 0.001357081829 0.001649426942 2 
1.5224 0.00107850349 0.00107850349 1 
1.522933333 0.004502599051 0.002983732953 3 
1.523466667 0.005032928759 0.003928497527 2 
1.524 0.006070680488 0.003771321202 3 
1.524533333 0.001366194638 0.00125321169 2 
1.525066667 0 0 0 
1.5256 3.542745114e-05 3.542745114e-05 1 
1.526133333 0.001938561323 0.001938561323 1 
1.526666667 0.001183263344 0.001008450622 2 
1.5272 0.002661860359 0.002661860359 1 
1.527733333 0.002845670616 0.002625902508 2 
1.528266667 0.003477563762 0.002521216323 3 
1.5288 0 0 0 
1.529333333 0 0 0 
1.529866667 0.0009709223599 0.0009709223599 1 
1.5304 0 0 0 
1.530933333 0.001630880548 0.001630880548 1 
1.531466667 0 0 0 
1.532 0 0 0 
1.532533333 0.00217939186 0.00217939186 1 
1.533066667 0.001171838307 0.001171838307 1 
1.5336 0.001931116302 0.001355676619 3 
1.534133333 0.003070856546 0.003081043614 2 
1.534666667 0.002439478454 0.002439478454 1 
1.5352 0.001580609339 0.001365683211 2 
1.535733333 0 0 0 
1.536266667 0 0 0 
1.5368 0.0004871755456 0.0004871755456 1 
1.537333333 0.001968303566 0.001968303566 1 
1.537866667 0 0 0 
1.5384 0.005660260214 0.003306102836 4 
1.538933333 0.0004485864234 0.0004485864234 1 
1.539466667 0.002870618799 0.003146545721 3 
1.54 0.005699041187 0.003356688352 4 
1.540533333 0.004013639322 0.004013639322 1 
1.541066667 0.002539645083 0.002539645083 1 
1.5416 0.002053327775 0.002053327775 1 
1.542133333 0.001673401781 0.001673401781 1 
1.542666667 0.0005180439894 0.0005099977538 2 
1.5432 0.002480261845 0.001779731905 2 
1.543733333 0 0 0 
1.544266667 0.001898407039 0.001898407039 1 
1.5448 0.0006235981659 0.0006235981659 1 
1.545333333 0.0004134460212 0.0004134460212 1 
1.545866667 0 0 0 
1.5464 0.001559883044 0.001559883044 1 
1.546933333 0.007384359717 0.00524027098 2 
1.547466667 0 0 0 
1.548 0.004613492455 0.004334049262 3 
1.548533333 0.002999125974 0.002832077917 2 
1.549066667 0.00300672665 0.002741053049 3 
1.5496 0 0 0 
1.550133333 0.004956553055 0.002709981915 4 
1.550666667 0.002566163494 0.002313400296 2 
1.5512 0.0002053610529 0.0002053610529 1 
1.551733333 0 0 0 
1.552266667 0.007587585467 0.005317450315 3 
1.5528 0.001606226959 0.001606226959 1 
1.553333333 0 0 0 
1.553866667 0.001435643885 0.001435643885 1 
1.5544 0.006226094702 0.004245809266 5 
1.554933333 0.0007816778206 0.0007816778206 1 
1.555466667 0.002035838827 0.002035838827 1 
1.556 0.00137866497 0.00137866497 1 
1.556533333 0 0 0 
1.557066667 0.004339567067 0.002663546157 3 
1.5576 0.002164454793 0.002058766193 3 
1.558133333 0.0007755795278 0.0006627342359 2 
1.558666667 0 0 0 
1.5592 0.004651923644 0.002842791562 3 
1.559733333 0.002594854708 0.002594854708 1 
1.560266667 0.003276883176 0.003276883176 1 
1.5608 0 0 0 
1.561333333 0.001931154409 0.001931154409 1 
1.561866667 0.002892167633 0.0023009529 2 
1.5624 0.0007397438845 0.0007397438845 1 
1.562933333 0.004001374775 0.002587526397 4 
1.563466667 0.0003657744307 0.0003657744307 1 
1.564 0.002093023204 0.001670101681 2 
1.564533333 0.00288726239 0.002047904866 2 
1.565066667 0.002471629568 0.002471629568 1 
1.5656 0.001858842952 0.001858842952 1 
1.566133333 0.001939389348 0.001939389348 1 
1.566666667 0 0 0 
1.5672 0 0 0 
1.567733333 0 0 0 
1.568266667 0.0003833709712 0.0003833709712 1 
1.5688 0.0008305858332 0.0008305858332 1 
1.569333333 0.002100567499 0.001553367221 2 
1.569866667 0.0002528486513 0.0002528486513 1 
1.5704 0 0 0 
1.570933333 0.001704415701 0.001704415701 1 
1.571466667 0.003217485242 0.003217485242 1 
1.572 0.004240816781 0.002713932365 3 
1.572533333 0.00907947199 0.005391862407 3 
1.573066667 0.0008714509216 0.000868801759 2 
1.5736 0 0 0 
1.574133333 1.971866651e-07 1.971866651e-07 1 
1.574666667 0.004873495448 0.003010405833 3 
1.5752 0.002584252889 0.002169822627 2 
1.575733333 0 0 0 
1.576266667 0.0008518186713 0.0008518186713 1 
1.5768 0 0 0 
1.577333333 0.00435814633 0.00271885621 3 
1.577866667 0.0005036997923 0.0003639346126 2 
1.5784 0.002574482134 0.002473098882 2 
1.578933333 0 0 0 
1.579466667 0 0 0 
1.58 0 0 0 
1.580533333 0.001097549498 0.0008088033617 2 
1.581066667 0.0007012775736 0.0005079860785 2 
1.5816 0 0 0 
1.582133333 0.0001071708802 0.0001071708802 1 
1.582666667 0 0 0 
1.5832 0 0 0 
1.583733333 0.004344488624 0.002955674835 3 
1.584266667 0 0 0 
1.5848 0 0 0 
1.585333333 0 0 0 
1.585866667 0.001003634307 0.001003634307 1 
1.5864 0 0 0 
1.586933333 0 0 0 
1.587466667 0.0005206741156 0.0005206741156 1 
1.588 0 0 0 
1.588533333 0.004347686538 0.003468862109 2 
1.589066667 0.001535351445 0.001535351445 1 
1.5896 0.002792732886 0.003119206283 2 
1.590133333 0.008830177505 0.005536603214 4 
1.590666667 0 0 0 
1.5912 0.002740707859 0.002189393651 2 
1.591733333 0.004219076324 0.003154156664 2 
1.592266667 0.01089576682 0.007037405213 5 
1.5928 0 0 0 
1.593333333 0.0006424615721 0.0006424615721 1 
1.593866667 0.001677727423 0.001677727423 1 
1.5944 0.002796390996 0.002796390996 1 
1.594933333 0.008036320412 0.004656558487 4 
1.595466667 0.001308406771 0.0009939439789 2 
1.596 0.004069626512 0.004008510681 3 
1.596533333 0 0 0 
1.597066667 0.0004190167421 0.0005126122006 2 
1.5976 0.003784216657 0.003098741955 3 
1.598133333 0.000671184355 0.000671184355 1 
1.598666667 0.001120344149 0.001110140211 2 
1.5992 2.980819423e-05 2.980819423e-05 1 
1.599733333 0.004755566475 0.0035896755 3 
1.600266667 0.002815387105 0.002486926476 2 
1.6008 0 0 0 
1.601333333 0.0009677735085 0.0009677735085 1 
1.601866667 0.0007508599046 0.0007508599046 1 
1.6024 0 0 0 
1.602933333 0.00277302793 0.001942521417 3 
1.603466667 0.0004160198904 0.0004160198904 1 
1.604 0 0 0 
1.604533333 0 0 0 
1.605066667 0.002447639817 0.001314133261 5 
1.6056 0 0 0 
1.606133333 0.001128210436 0.001128210436 1 
1.606666667 0.00584217469 0.004797463141 3 
1.6072 0.003989592363 0.00247602897 3 
1.607733333 0 0 0 
1.608266667 0.001884302286 0.001884302286 1 
1.6088 0 0 0 
1.609333333 0 0 0 
1.609866667 0.002057199734 0.001192852354 3 
1.6104 0.002775212536 0.002775212536 1 
1.610933333 0.00487388431 0.002860987138 3 
1.611466667 0 0 0 
1.612 0 0 0 
1.612533333 0.002555644889 0.002575164623 2 
1.613066667 0.003641075043 0.003641075043 1 
1.6136 0.003412455304 0.001974222102 4 
1.614133333 0.000495916755 0.0003508607926 2 
1.614666667 0.006735576748 0.004487790392 4 
1.6152 0.003149085056 0.001863609126 4 
1.615733333 0.003331345707 0.00303142747 2 
1.616266667 0.006896839798 0.007109967281 2 
1.6168 0.004989921288 0.003278990247 4 
1.617333333 0 0 0 
1.617866667 0.003446353011 0.002470690064 2 
1.6184 0.005480076526 0.003345268167 3 
1.618933333 0 0 0 
1.619466667 0.0003634417346 0.0004224881433 2 
1.62 0.002968273073 0.00245896707 2 
1.620533333 0 0 0 
1.621066667 0.003404250875 0.002911851315 2 
1.6216 0 0 0 
1.622133333 0 0 0 
1.622666667 0.00248485104 0.001758957333 2 
1.6232 0.002710889656 0.002473183592 2 
1.623733333 0 0 0 
1.624266667 0.004372749543 0.003725160054 4 
1.6248 0.001906309688 0.001906309688 1 
1.625333333 0 0 0 
1.625866667 0.0003660723956 0.0003660723956 1 
1.6264 0 0 0 
1.626933333 0.003023360406 0.002152226351 3 
1.627466667 0.001184174279 0.001184174279 1 
1.628 0.0008007084484 0.0008007084484 1 
1.628533333 0.001523704375 0.001106229098 2 
1.629066667 0 0 0 
1.6296 0.007818924721 0.006625111167 2 
1.630133333 0.003748272707 0.003748272707 1 
1.630666667 0.007363832598 0.004251601612 3 
1.6312 0 0 0 
1.631733333 0.002968556446 0.002127365624 2 
1.632266667 0 0 0 
1.6328 0 0 0 
1.633333333 0.001640444967 0.001640444967 1 
1.633866667 0 0 0 
1.6344 0.003031610218 0.001931222115 3 
1.634933333 0.0002743030819 0.0002743030819 1 
1.635466667 0 0 0 
1.636 0.000537222565 0.000537222565 1 
1.636533333 0 0 0 
1.637066667 0 0 0 
1.6376 0.006269501012 0.005617217025 2 
1.638133333 0.001830551915 0.001602735611 2 
1.638666667 0.002103084505 0.002110547179 2 
1.6392 0 0 0 
1.639733333 0.002707545441 0.002707545441 1 
1.640266667 0.004770189718 0.002550002757 4 
1.6408 0 0 0 
1.641333333 0 0 0 
1.641866667 0.004095462743 0.003111370798 2 
1.6424 0.007742590875 0.004568279808 3 
1.642933333 0.003283828247 0.003497640408 2 
1.643466667 0.001714770633 0.001714770633 1 
1.644 0.007501902339 0.004425205026 3 
1.644533333 0 0 0 
1.645066667 0.002485615678 0.001591303489 4 
1.6456 0 0 0 
1.646133333 0.004436456997 0.002815888071 3 
1.646666667 0.0034666948 0.003473326672 2 
1.6472 0.0001427946268 0.0001427946268 1 
1.647733333 0 0 0 
1.648266667 0 0 0 
1.6488 0 0 0 
1.649333333 0.001151085466 0.001151085466 1 
1.649866667 0 0 0 
1.6504 0 0 0 
1.650933333 0.009263774418 0.006402033067 4 
1.651466667 0 0 0 
1.652 0.002686837872 0.002210938366 2 
1.652533333 0.0007797608467 0.0006584615527 2 
1.653066667 0 0 0 
1.6536 0 0 0 
1.654133333 2.500499901e-06 2.500499901e-06 1 
1.654666667 0.002003198205 0.002003198205 1 
1.6552 0.003297011919 0.003233850428 2 
1.655733333 0.006187227393 0.00417842822 5 
1.656266667 0.001734606899 0.001734606899 1 
1.6568 0 0 0 
1.657333333 0.005522047203 0.003503051079 3 
1.657866667 0.003966418743 0.003966418743 1 
1.6584 0.001866146788 0.001628276649 3 
1.658933333 0.003044423395 0.002759937305 2 
1.659466667 0 0 0 
1.66 0 0 0 
1.660533333 0.004171808421 0.004171808421 1 
1.661066667 0.004839078187 0.005046629054 3 
1.6616 0 0 0 
1.662133333 0.001350455157 0.0008957610963 3 
1.662666667 0.004985555217 0.003533021139 2 
1.6632 0.004348012113 0.002880936337 3 
1.663733333 0 0 0 
1.664266667 0.007855147535 0.004816983656 3 
1.6648 0.004008038807 0.004214723444 2 
1.665333333 0.01244245422 0.006569632836 5 
1.665866667 0.002642243638 0.002642243638 1 
1.6664 0.003874619705 0.003013590823 2 
1.666933333 0.008217279139 0.005102095909 3 
1.667466667 0.002393859461 0.001692739941 2 
1.668 0.0003859400486 0.0003859400486 1 
1.668533333 0.003647911948 0.003340146735 2 
1.669066667 0.001887823862 0.001887823862 1 
1.6696 0 0 0 
1.670133333 0.005653720819 0.004057962143 2 
1.670666667 0 0 0 
1.6712 0.003642201096 0.002708594792 2 
1.671733333 0.003611700387 0.003611700387 1 
1.672266667 0.0007511738525 0.0005571545349 2 
1.6728 0.002655438891 0.001699863174 3 
1.673333333 0.005268471413 0.00521427177 2 
1.673866667 0.004366965902 0.003312048528 3 
1.6744 0.001144050144 0.0009091128548 3 
1.674933333 0.003737733019 0.003737733019 1 
1.675466667 0.001146617873 0.001146617873 1 
1.676 0.0006590080741 0.0006590080741 1 
1.676533333 0 0 0 
1.677066667 0.0009236839865 0.0009236839865 1 
1.6776 0.005957897332 0.004930511088 2 
1.678133333 0.003879890999 0.003248497319 2 
1.678666667 0.002314661923 0.00197886055 3 
1.6792 0 0 0 
1.679733333 0.0005599123183 0.0005599123183 1 
1.680266667 0 0 0 
1.6808 0.002265686986 0.001838409293 2 
1.681333333 0.004773243918 0.003274127438 3 
1.681866667 0.002470640404 0.002142472111 3 
1.6824 0.00347958128 0.00347958128 1 
1.682933333 0.006334929769 0.004530183651 4 
1.683466667 2.380510668e-05 2.380510668e-05 1 
1.684 0.00280096603 0.00280096603 1 
1.684533333 0.001627139505 0.001355280444 2 
1.685066667 0.002913082779 0.003383149381 2 
1.6856 0.001501862141 0.001381825167 2 
1.686133333 0.004535766644 0.003657108028 2 
1.686666667 0.001699481283 0.001699481283 1 
1.6872 0 0 0 
1.687733333 0 0 0 
1.688266667 0 0 0 
1.6888 0.003205770641 0.003114700407 2 
1.689333333 0.0005791111958 0.0005791111958 1 
1.689866667 0.01073664593 0.005475171685 4 
1.6904 0 0 0 
1.690933333 0.002423073063 0.002423073063 1 
1.691466667 0.002210600752 0.002210600752 1 
1.692 0.0009327035053 0.0009327035053 1 
1.692533333 0 0 0 
1.693066667 0.006442768981 0.00519380392 2 
1.6936 0.008084040199 0.00490283785 4 
1.694133333 0.0008197057391 0.0006150368892 2 
1.694666667 0.01394614812 0.009685823905 3 
1.6952 0.006188323596 0.003384360915 5 
1.695733333 0.0001932583316 0.0001932583316 1 
1.696266667 0.008234599877 0.004706722034 5 
1.6968 0.005142192909 0.004994643257 3 
1.697333333 0 0 0 
1.697866667 0.0006256921986 0.0005172771677 2 
1.6984 0.003284562842 0.002694051985 3 
1.698933333 0.002998020682 0.00254475944 2 
1.699466667 0 0 0 
1.7 0.003326896919 0.003326896919 1 
1.700533333 0.000873181959 0.0006219451824 2 
1.701066667 0.001061292201 0.001061292201 1 
1.7016 0.005814807052 0.005814807052 1 
1.702133333 0 0 0 
1.702666667 0 0 0 
1.7032 0.002937280417 0.002116035277 2 
1.703733333 0 0 0 
1.704266667 0.0006937171196 0.0006937171196 1 
1.7048 0.006774758203 0.006048944161 3 
1.705333333 0 0 0 
1.705866667 0.0008319114346 0.0008319114346 1 
1.7064 0.002636562658 0.00197967815 2 
1.706933333 0.002409204945 0.002409204945 1 
1.707466667 0.004357845508 0.0032870015 2 
1.708 0.001478439206 0.001436015305 2 
1.708533333 0.004128228494 0.002936264933 2 
1.709066667 0.0008370311795 0.0006401242589 2 
1.7096 0.0008808032996 0.001007706131 2 
1.710133333 0 0 0 
1.710666667 0.0002182584582 0.0002182584582 1 
1.7112 0.00322281037 0.00322281037 1 
1.711733333 0.008403594089 0.004928648018 3 
1.712266667 0 0 0 
1.7128 0 0 0 
1.713333333 4.680155768e-06 4.680155768e-06 1 
1.713866667 0.005710207721 0.004223332639 4 
1.7144 0.006888127874 0.00554449591 3 
1.714933333 0 0 0 
1.715466667 0.0004320506835 0.0004320506835 1 
1.716 0.004036998011 0.004036998011 1 
1.716533333 0.002532359626 0.002532359626 1 
1.717066667 0.009452781629 0.004377448344 5 
1.7176 0 0 0 
1.718133333 0.001389294909 0.001389294909 1 
1.718666667 0 0 0 
1.7192 0.001125542505 0.0008073604921 2 
1.719733333 0 0 0 
1.720266667 0.001567188982 0.001567188982 1 
1.7208 0.002158218207 0.001593859616 2 
1.721333333 0.002012723952 0.002012723952 1 
1.721866667 0.004824036984 0.00352065689 2 
1.7224 0.005843701942 0.00382237102 4 
1.722933333 0 0 0 
1.723466667 0 0 0 
1.724 0.007928862498 0.006036213901 2 
1.724533333 0 0 0 
1.725066667 0.0004148207435 0.0004148207435 1 
1.7256 0.006349280608 0.003905285398 3 
1.726133333 0.001487728046 0.001117094418 2 
1.726666667 0.003732567772 0.002667589486 2 
1.7272 0.0006080085094 0.0004481921697 2 
1.727733333 0 0 0 
1.728266667 0.002182006924 0.002182006924 1 
1.7288 0.00235367494 0.002213568874 2 
1.729333333 0.004402929586 0.004758343227 2 
1.729866667 0.002313527852 0.002039441671 2 
1.7304 0.004905909314 0.003336701557 3 
1.730933333 0 0 0 
1.731466667 0.001186465299 0.001319266464 2 
1.732 0.006329617319 0.003704938656 3 
1.732533333 0.006540719662 0.004768476019 2 
1.733066667 0.004453264395 0.004250902171 3 
1.7336 0 0 0 
1.734133333 0.0007544984542 0.0007544984542 1 
1.734666667 0.0003668663814 0.0003668663814 1 
1.7352 0.003047693726 0.003155389135 2 
1.735733333 0.0001058822296 0.0001058822296 1 
1.736266667 0 0 0 
1.7368 0.004195064831 0.003034565341 2 
1.737333333 0 0 0 
1.737866667 0.002394280651 0.002520065437 2 
1.7384 0.005993114809 0.004238120737 2 
1.738933333 0.001728688554 0.001728688554 1 
1.739466667 0.006444284941 0.004560195656 2 
1.74 0 0 0 
1.740533333 0.001953444356 0.001953444356 1 
1.741066667 0.00602233113 0.005153872586 2 
1.7416 0.004581211442 0.004765949599 3 
1.742133333 0 0 0 
1.742666667 0.003293326127 0.003293326127 1 
1.7432 0 0 0 
1.743733333 0.003709455924 0.004252859563 2 
1.744266667 0.003876055959 0.002925074681 3 
1.7448 0.005380134959 0.003734512121 4 
1.745333333 0 0 0 
1.745866667 0.003178948512 0.00239613859 2 
1.7464 0 0 0 
1.746933333 0.006437428841 0.003793097978 3 
1.747466667 0.00113539609 0.0008048994062 2 
1.748 0.003059564785 0.002214278185 3 
1.748533333 0.0006576957004 0.0005172726191 2 
1.749066667 0.003827551499 0.003827551499 1 
1.7496 0.0004456991703 0.0004456991703 1 
1.750133333 0.0002473105969 0.0002473105969 1 
1.750666667 0.008768933772 0.01028274809 2 
1.7512 0.0036605244 0.0036605244 1 
1.751733333 0.001178666456 0.001178666456 1 
1.752266667 0.0002724635585 0.0002724635585 1 
1.7528 0 0 0 
1.753333333 0.004061320119 0.003020781072 2 
1.753866667 0.001940365465 0.001940365465 1 
1.7544 0.0009009447914 0.0009009447914 1 
1.754933333 0.0003977833643 0.0003977833643 1 
1.755466667 0.003491384885 0.0024939532 2 
1.756 0.002645012348 0.002081934351 2 
1.756533333 0.002404700086 0.002404700086 1 
1.757066667 0.00577257656 0.003467852026 3 
1.7576 0.004986370841 0.003640825914 2 
1.758133333 0.005334431233 0.005352711207 3 
1.758666667 0.01047343851 0.004951547664 5 
1.7592 0.0007623212785 0.0007623212785 1 
1.759733333 0.004237899034 0.003161113145 3 
1.760266667 0.001549730814 0.001549730814 1 
1.7608 0 0 0 
1.761333333 0.00142613108 0.001741883071 2 
1.761866667 0 0 0 
1.7624 0.004015713712 0.004015713712 1 
1.762933333 0.003001510088 0.002573872822 2 
1.763466667 0.006431695896 0.00504799048 3 
1.764 0.005178184969 0.003468559602 3 
1.764533333 0 0 0 
1.765066667 0.0009226023656 0.0009226023656 1 
1.7656 0.004704388327 0.004704388327 1 
1.766133333 0.0001333887989 0.0001333887989 1 
1.766666667 0.003767906901 0.002278366722 3 
1.7672 0.0001644247002 0.0001644247002 1 
1.767733333 0 0 0 
1.768266667 0.003231889702 0.00338553206 2 
1.7688 0.0009152892409 0.0007880827664 2 
1.769333333 0.001168607323 0.001168607323 1 
1.769866667 0 0 0 
1.7704 0 0 0 
1.770933333 0 0 0 
1.771466667 0.005457795466 0.003669866407 3 
1.772 0.001393316126 0.001185287663 2 
1.772533333 0.001238893593 0.001238893593 1 
1.773066667 0.009445065581 0.006764146175 3 
1.7736 0.001565783553 0.001384562484 2 
1.774133333 0 0 0 
1.774666667 0.003905018416 0.002617943502 3 
1.7752 0.007456210813 0.008969930756 2 
1.775733333 0.002730484765 0.002650772808 3 
1.776266667 0.002919327878 0.002919327878 1 
1.7768 0.00291317685 0.003298087482 2 
1.777333333 0.01022484718 0.0064623848 3 
1.777866667 0.004521992646 0.004521992646 1 
1.7784 0.001537984976 0.001537984976 1 
1.778933333 0.004764680976 0.003648766271 3 
1.779466667 0.005212431766 0.005212431766 1 
1.78 0.002000399931 0.001848618482 2 
1.780533333 0.0003340711191 0.0003340711191 1 
1.781066667 0 0 0 
1.7816 0.002667685122 0.002667685122 1 
1.782133333 0.01949824513 0.009863411971 7 
1.782666667 0.002375168215 0.002375168215 1 
1.7832 0.0024645751 0.0024645751 1 
1.783733333 0.004973496098 0.003059572058 3 
1.784266667 0 0 0 
1.7848 0.003494396811 0.002687212801 2 
1.785333333 0.003804277829 0.003011788461 2 
1.785866667 0.001639483945 0.001200092721 3 
1.7864 0.001725430704 0.001725430704 1 
1.786933333 0 0 0 
1.787466667 0 0 0 
1.788 0.0002450129869 0.0002450129869 1 
1.788533333 0 0 0 
1.789066667 0 0 0 
1.7896 0.004306972237 0.003390829213 3 
1.790133333 0 0 0 
1.790666667 0.002624835128 0.002135844588 3 
1.7912 0.00624611719 0.00401806342 4 
1.791733333 0.005693164752 0.003337986893 5 
1.792266667 0.00485698357 0.003595823894 2 
1.7928 0.002778937605 0.002778937605 1 
1.793333333 0.0002112279116 0.0002112279116 1 
1.793866667 0.0003679173893 0.0003679173893 1 
1.7944 0.0002112078193 0.0002112078193 1 
1.794933333 0.003433029332 0.003656257442 2 
1.795466667 0.002926294844 0.002906421574 2 
1.796 0.002069303243 0.002069303243 1 
1.796533333 0.001561843622 0.001658065221 3 
1.797066667 0 0 0 
1.7976 0.001834853574 0.002177164535 2 
1.798133333 0.008044304186 0.004748114738 3 
1.798666667 0 0 0 
1.7992 0.00501239721 0.003328105062 3 
1.799733333 0 0 0 
1.800266667 0.0007266120505 0.0007266120505 1 
1.8008 0 0 0 
1.801333333 0.003472556762 0.002489493167 2 
1.801866667 0.004494540043 0.003215944917 2 
1.8024 0.004304666257 0.00397107297 2 
1.802933333 0.001688966149 0.001688966149 1 
1.803466667 0.003384301678 0.003384301678 1 
1.804 0 0 0 
1.804533333 0 0 0 
1.805066667 0.002841590879 0.002841590879 1 
1.8056 0.005429528568 0.005493899097 2 
1.806133333 0.002448986743 0.001629018637 3 
1.806666667 0.001909539761 0.001863304494 2 
1.8072 0.00397847648 0.003742869968 2 
1.807733333 0.0009510575937 0.0009510575937 1 
1.808266667 0.003409194333 0.004121995911 2 
1.8088 0.009946857718 0.006827606571 3 
1.809333333 0.0005333070853 0.0006127016639 2 
1.809866667 0.0004277930982 0.0004277930982 1 
1.8104 0.001053636823 0.0007496652594 2 
1.810933333 0 0 0 
1.811466667 0.001738104124 0.001738104124 1 
1.812 0.0008771379185 0.0008771379185 1 
1.812533333 0.00357569152 0.00357569152 1 
1.813066667 0.006501221601 0.003794854045 3 
1.8136 0.0007056343454 0.0007056343454 1 
1.814133333 0.004471563112 0.004471563112 1 
1.814666667 0.001252747136 0.001252747136 1 
1.8152 0.002538395381 0.00185853061 2 
1.815733333 0.02026834742 0.01901466138 2 
1.816266667 0.0387684764 0.02621528277 7 
1.8168 0.02966994792 0.01755440623 5 
1.817333333 0.06301429532 0.03199863973 4 
1.817866667 0.266393101 0.09464434353 13 
1.8184 0.4358221391 0.1252467783 27 
1.818933333 0.9131854868 0.1885567487 46 
1.819466667 1.099776659 0.1900271197 57 
1.82 1.459425852 0.2127790928 97 
1.820533333 1.764381291 0.2188743396 111 
1.821066667 2.609903718 0.2761436982 156 
1.8216 3.036585226 0.3072210832 166 
1.822133333 4.51818531 0.3763530952 262 
1.822666667 4.123372884 0.3362637366 258 
1.8232 5.11380055 0.4083813568 286 
1.823733333 4.140540641 0.3543041433 225 
1.824266667 4.439199788 0.3836441709 247 
1.8248 3.868678338 0.3346515786 219 
1.825333333 4.287246422 0.3756641335 227 
1.825866667 3.492111065 0.3393261592 181 
1.8264 2.071790734 0.2524730043 118 
1.826933333 1.913138728 0.238087124 105 
1.827466667 1.559928651 0.2079435299 87 
1.828 1.00340613 0.15912649 63 
1.828533333 0.6193759758 0.1445255319 36 
1.829066667 0.4519726082 0.1069228686 28 
1.8296 0.2991187489 0.08782159955 19 
1.830133333 0.08862950312 0.06205040752 5 
1.830666667 0.112879721 0.06237608826 9 
1.8312 0.005270544034 0.005270544034 1 
1.831733333 0.0005914740994 0.0005914740994 1 
1.832266667 0 0 0 
1.8328 0.003731848742 0.002687626514 3 
1.833333333 0.003118108505 0.003118108505 1 
1.833866667 0.00301938585 0.002367596602 3 
1.8344 0 0 0 
1.834933333 0.0006691366905 0.0006691366905 1 
1.835466667 0.006581085351 0.003766712739 4 
1.836 0.004902590554 0.004205183088 2 
1.836533333 0.005903922935 0.00391945019 4 
1.837066667 0.001279704506 0.001279704506 1 
1.8376 0.0002643662424 0.0002643662424 1 
1.838133333 0.003165381922 0.002904629815 2 
1.838666667 0 0 0 
1.8392 0.008858434863 0.005124507417 3 
1.839733333 0.0002216464831 0.0002216464831 1 
1.840266667 0 0 0 
1.8408 0.0004147439409 0.000238095337 4 
1.841333333 0.007805765326 0.005666716252 3 
1.841866667 0 0 0 
1.8424 0 0 0 
1.842933333 0.0056314796 0.003601402432 3 
1.843466667 0.005745383221 0.005460667009 3 
1.844 0.003010440232 0.002870200178 2 
1.844533333 0.0008282400927 0.0006041164143 2 
1.845066667 0.00230519173 0.00230519173 1 
1.8456 0.001737597705 0.001216094477 3 
1.846133333 0.003421206929 0.003421206929 1 
1.846666667 0.01161360239 0.008350697952 4 
1.8472 0 0 0 
1.847733333 0.004922696888 0.003765649181 2 
1.848266667 0 0 0 
1.8488 0.002668054014 0.002500667002 2 
1.849333333 0.000263448851 0.0003141497797 2 
1.849866667 0.001585005151 0.001121331595 3 
1.8504 0.008273197214 0.006105790107 2 
1.850933333 0.0006686675207 0.0006686675207 1 
1.851466667 0.004987348637 0.003756289842 3 
1.852 0.004930842476 0.003611810226 2 
1.852533333 0.001785754477 0.001785754477 1 
1.853066667 0.0009953841505 0.001166997691 2 
1.8536 0.009809553187 0.006264591145 3 
1.854133333 0.0005012500442 0.0005012500442 1 
1.854666667 0.005805538008 0.004110624324 2 
1.8552 3.514976421e-05 3.514976421e-05 1 
1.855733333 0 0 0 
1.856266667 0 0 0 
1.8568 0.002734054645 0.002734054645 1 
1.857333333 0.003284735604 0.003284735604 1 
1.857866667 0 0 0 
1.8584 0.007338716433 0.005396751806 5 
1.858933333 0.001238263098 0.001327906552 2 
1.859466667 0.00297853186 0.002323961228 4 
1.86 0.001483224938 0.001483224938 1 
1.860533333 0.004224565408 0.004857829894 3 
1.861066667 0.005945317024 0.003961570292 5 
1.8616 0.003401074898 0.00351476424 2 
1.862133333 0.008779952937 0.005713901648 3 
1.862666667 0.00425779966 0.00425779966 1 
1.8632 0 0 0 
1.863733333 0 0 0 
1.864266667 0.001006775598 0.0007672942727 2 
1.8648 0 0 0 
1.865333333 0.004943420014 0.003755533752 2 
1.865866667 0.0001817041895 0.0001817041895 1 
1.8664 0.001360527838 0.001360527838 1 
1.866933333 0.002832753788 0.002794841137 2 
1.867466667 0 0 0 
1.868 0.002713985774 0.002713985774 1 
1.868533333 0.004184239873 0.003432343482 3 
1.869066667 0.0001230005531 0.0001230005531 1 
1.8696 0.002704662542 0.002704662542 1 
1.870133333 0.005012410724 0.005984244246 2 
1.870666667 0.005326454335 0.005326454335 1 
1.8712 0.0003229691783 0.0003229691783 1 
1.871733333 4.788802966e-05 4.788802966e-05 1 
1.872266667 0 0 0 
1.8728 0.002257895959 0.002438245569 2 
1.873333333 0.0004137177568 0.0004137177568 1 
1.873866667 0.00220482835 0.00220482835 1 
1.8744 0.0006815700603 0.0006815700603 1 
1.874933333 0.005698869494 0.00401048778 3 
1.875466667 0.003143212227 0.003143212227 1 
1.876 0.001482672038 0.0015880429 2 
1.876533333 0.0005976755226 0.0005976755226 1 
1.877066667 0.009985941309 0.006150358956 3 
1.8776 0.0001070515848 0.0001070515848 1 
1.878133333 0 0 0 
1.878666667 0.003050047555 0.003050047555 1 
1.8792 0 0 0 
1.879733333 0.0006563755838 0.0006563755838 1 
1.880266667 0.001837561624 0.001721465008 3 
1.8808 0.003424032453 0.002528274912 2 
1.881333333 0.003350347029 0.0023566513 3 
1.881866667 0.003334630468 0.003334630468 1 
1.8824 0.0005163726392 0.00037027443 2 
1.882933333 0.004380424434 0.004380424434 1 
1.883466667 0.004565678212 0.003255733404 2 
1.884 0.004760270396 0.004252965544 4 
1.884533333 0.0007571274943 0.0007571274943 1 
1.885066667 0.002226961027 0.002111263314 2 
1.8856 0.004412769464 0.003209288309 2 
1.886133333 0.007830032885 0.005186894762 3 
1.886666667 0.005818467194 0.005836193447 3 
1.8872 0.004457636672 0.003165951419 2 
1.887733333 0.004400030056 0.00459279289 2 
1.888266667 0.0130214246 0.008160775502 4 
1.8888 0 0 0 
1.889333333 0.001076818503 0.000761609165 2 
1.889866667 0.001433680188 0.001433680188 1 
1.8904 0.002222764512 0.002222764512 1 
1.890933333 0.001385251508 0.001385251508 1 
1.891466667 0.005216254451 0.0032336885 3 
1.892 0 0 0 
1.892533333 0.001517878349 0.001517878349 1 
1.893066667 0.00279078795 0.002953345359 2 
1.8936 0.004479350495 0.004593976064 2 
1.894133333 0.003372957681 0.003372957681 1 
1.894666667 0.003747372902 0.003807036541 2 
1.8952 0.002741182964 0.003016959216 2 
1.895733333 0 0 0 
1.896266667 0 0 0 
1.8968 0 0 0 
1.897333333 0 0 0 
1.897866667 0.002403208748 0.001915917572 2 
1.8984 0 0 0 
1.898933333 0.001385732072 0.001385732072 1 
1.899466667 0.0008323881903 0.0008323881903 1 
1.9 0.001208765934 0.001208765934 1 
1.900533333 0.004040296498 0.002869079686 2 
1.901066667 0.003108976278 0.002675280939 2 
1.9016 0.003822593374 0.003822593374 1 
1.902133333 0 0 0 
1.902666667 0.003071824169 0.003071824169 1 
1.9032 0.0003148639427 0.0003148639427 1 
1.903733333 0.001572334638 0.001572334638 1 
1.904266667 0.0007809044504 0.0007809044504 1 
1.9048 0.006081875758 0.004356367262 3 
1.905333333 0 0 0 
1.905866667 0.002608833403 0.001789284325 4 
1.9064 0.001521725605 0.001862545369 2 
1.906933333 0.0008146047505 0.0008146047505 1 
1.907466667 0.003077478722 0.003077478722 1 
1.908 0.001655701009 0.001655701009 1 
1.908533333 0 0 0 
1.909066667 0.0009068698044 0.0009068698044 1 
1.9096 0.002100325683 0.002010475437 2 
1.910133333 0.003826569413 0.004097268735 2 
1.910666667 0.00180651064 0.00180651064 1 
1.9112 0 0 0 
1.911733333 0 0 0 
1.912266667 0.002485295738 0.001910543431 2 
1.9128 0.004334101971 0.002584503018 5 
1.913333333 7.232721331e-07 7.232721331e-07 1 
1.913866667 0.001003206767 0.000813848393 2 
1.9144 0.001711683103 0.001711683103 1 
1.914933333 0 0 0 
1.915466667 0.0001185868343 0.0001185868343 1 
1.916 0.001879329371 0.001188261418 3 
1.916533333 0.0003588419699 0.0003588419699 1 
1.917066667 0.005408125689 0.003581298386 3 
1.9176 0.003914486602 0.003914486602 1 
1.918133333 0.004265347678 0.004265347678 1 
1.918666667 0.0005286979764 0.0004511159599 2 
1.9192 0.0007571819323 0.0007571819323 1 
1.919733333 0.001374838763 0.001374838763 1 
1.920266667 0.006573611941 0.004648262444 2 
1.9208 0.001832800323 0.002238326285 2 
1.921333333 0 0 0 
1.921866667 0 0 0 
1.9224 0 0 0 
1.922933333 0.005587016128 0.004146030957 3 
1.923466667 7.076826828e-05 7.076826828e-05 1 
1.924 0 0 0 
1.924533333 0.002160075163 0.001393018741 3 
1.925066667 0.00434083866 0.00434083866 1 
1.9256 4.313234804e-05 4.313234804e-05 1 
1.926133333 0 0 0 
1.926666667 0.003652566262 0.002590643859 3 
1.9272 0 0 0 
1.927733333 0.003788767119 0.002712187757 2 
1.928266667 0.002808751467 0.003435147522 2 
1.9288 0.00189775897 0.001785241738 2 
1.929333333 0.002028838911 0.002028838911 1 
1.929866667 0 0 0 
1.9304 0.0001838653547 0.0001838653547 1 
1.930933333 0.0008564301649 0.0006249117484 3 
1.931466667 0 0 0 
1.932 0 0 0 
1.932533333 0.0008851625535 0.0006259076319 2 
1.933066667 0 0 0 
1.9336 7.393915157e-06 7.393915157e-06 1 
1.934133333 0.003325509153 0.003703066158 2 
1.934666667 0.008206313978 0.006824195425 2 
1.9352 0.003184697244 0.002280465991 3 
1.935733333 0.005086893285 0.005086893285 1 
1.936266667 0.00133173671 0.00133173671 1 
1.9368 0.002805206852 0.002576506816 2 
1.937333333 0.006459484248 0.004815813646 2 
1.937866667 0 0 0 
1.9384 0.003493025769 0.00418423764 2 
1.938933333 0.004334705657 0.00332212256 2 
1.939466667 0.001109699018 0.001109699018 1 
1.94 0.0003512722376 0.0003512722376 1 
1.940533333 0.0002929565252 0.0002929565252 1 
1.941066667 0 0 0 
1.9416 0 0 0 
1.942133333 0 0 0 
1.942666667 0.006951438525 0.004468212483 3 
1.9432 0 0 0 
1.943733333 0.0001522025453 0.0001522025453 1 
1.944266667 0 0 0 
1.9448 0 0 0 
1.945333333 4.337005806e-05 4.337005806e-05 1 
1.945866667 0.0124117641 0.006773989173 4 
1.9464 0.001933306902 0.001177710808 3 
1.946933333 0.005823960991 0.004223640256 2 
1.947466667 0 0 0 
1.948 0 0 0 
1.948533333 0.001229609155 0.00132482596 2 
1.949066667 0.001136218208 0.001136218208 1 
1.9496 0.002686635499 0.002467854028 2 
1.950133333 0.002341615106 0.002341615106 1 
1.950666667 0.0006679949727 0.0006679949727 1 
1.9512 0 0 0 
1.951733333 0.001664050542 0.001866033913 2 
1.952266667 0 0 0 
1.9528 0 0 0 
1.953333333 0 0 0 
1.953866667 0.002158232063 0.001589991201 3 
1.9544 0.00347218882 0.002563072178 5 
1.954933333 0.005688691452 0.004393004014 2 
1.955466667 0 0 0 
1.956 0.0004376750003 0.0005262601435 2 
1.956533333 0.0005528902211 0.0005528902211 1 
1.957066667 0 0 0 
1.9576 0.001638221765 0.001882563676 2 
1.958133333 0.003361700723 0.002830341807 4 
1.958666667 0 0 0 
1.9592 0.002476108678 0.002476108678 1 
1.959733333 9.983021155e-05 9.983021155e-05 1 
1.960266667 0 0 0 
1.9608 0.004063878236 0.004063878236 1 
1.961333333 0.002665704689 0.002294130239 3 
1.961866667 0.0006246767905 0.0005032523306 2 
1.9624 0 0 0 
1.962933333 0.001929760946 0.001730364099 2 
1.963466667 4.334390304e-05 4.334390304e-05 1 
1.964 0 0 0 
1.964533333 0.002768111544 0.002768111544 1 
1.965066667 0 0 0 
1.9656 0.0006398794357 0.0006398794357 1 
1.966133333 0 0 0 
1.966666667 0.00413871812 0.003135414494 2 
1.9672 0.00277210262 0.002177094216 2 
1.967733333 9.694472282e-05 9.694472282e-05 1 
1.968266667 0.0003089242636 0.0003089242636 1 
1.9688 0.00373140587 0.002808888274 2 
1.969333333 0 0 0 
1.969866667 0 0 0 
1.9704 0.002728963057 0.002728963057 1 
1.970933333 0.005735825597 0.004143314096 2 
1.971466667 0.0009054975836 0.0009054975836 1 
1.972 0.0007633440022 0.0007633440022 1 
1.972533333 0.0004617665782 0.0004617665782 1 
1.973066667 0 0 0 
1.9736 0.000379589384 0.000379589384 1 
1.974133333 0.002547757919 0.002547757919 1 
1.974666667 0 0 0 
1.9752 0.003141125987 0.002445640736 3 
1.975733333 0.004190073967 0.003042560986 4 
1.976266667 0.002551403443 0.001867612764 3 
1.9768 0.004676094863 0.004837340905 2 
1.977333333 0 0 0 
1.977866667 0.0009211911441 0.0007294325406 2 
1.9784 0 0 0 
1.978933333 0.001093657359 0.001093657359 1 
1.979466667 0.002146457244 0.002146457244 1 
1.98 0 0 0 
1.980533333 0 0 0 
1.981066667 0 0 0 
1.9816 0.000623095123 0.000623095123 1 
1.982133333 0 0 0 
1.982666667 0 0 0 
1.9832 0.001009909085 0.001009909085 1 
1.983733333 0.0006348901316 0.0006562939496 2 
1.984266667 0 0 0 
1.9848 0.005945294213 0.004389669914 2 
1.985333333 0.006033614563 0.006054770598 2 
1.985866667 0 0 0 
1.9864 0.0007444728822 0.0007444728822 1 
1.986933333 0.007160691743 0.004204425686 3 
1.987466667 0.001286112012 0.001286112012 1 
1.988 0.004754670417 0.004754670417 1 
1.988533333 0.003632963823 0.003632963823 1 
1.989066667 0 0 0 
1.9896 0.002436639044 0.002436639044 1 
1.990133333 0.0001674324965 0.0001674324965 1 
1.990666667 0 0 0 
1.9912 0.001688415822 0.001688415822 1 
1.991733333 0.001296076181 0.001296076181 1 
1.992266667 0.004821807137 0.003516351467 2 
1.9928 0.002036331287 0.002036331287 1 
1.993333333 0.004041671314 0.004488637711 2 
1.993866667 0 0 0 
1.9944 0 0 0 
1.994933333 0.003531466413 0.003531466413 1 
1.995466667 0.0005957031969 0.0005232400529 2 
1.996 0 0 0 
1.996533333 0.005476105217 0.004091723115 3 
1.997066667 0.006023989931 0.004344144121 2 
1.9976 0.0005470523707 0.0005470523707 1 
1.998133333 0.006442523114 0.003721802194 3 
1.998666667 0.007582531295 0.004810630983 3 
1.9992 0 0 0 
1.999733333 0.003171086857 0.003171086857 1 
2.000266667 0 0 0 
2.0008 0.0009836095177 0.0009836095177 1 
2.001333333 7.21572209e-06 7.21572209e-06 1 
2.001866667 0.0009473145555 0.0009473145555 1 
2.0024 0.001615771913 0.001615771913 1 
2.002933333 0.003127082133 0.003127082133 1 
2.003466667 0 0 0 
2.004 0.001716669272 0.00163688437 2 
2.004533333 0 0 0 
2.005066667 0 0 0 
2.0056 0.009450090893 0.005947938956 4 
2.006133333 0.0009557856615 0.0009557856615 1 
2.006666667 0 0 0 
2.0072 0.001886148957 0.001886148957 1 
2.007733333 0.001502976606 0.001502976606 1 
2.008266667 0.001109121334 0.001109121334 1 
2.0088 0.0001219745862 0.0001219745862 1 
2.009333333 0.009543037755 0.009159247735 2 
2.009866667 0.003660100519 0.003660100519 1 
2.0104 0.001394924383 0.001394924383 1 
2.010933333 0.003952128193 0.003499347349 2 
2.011466667 0.006240372006 0.005738549708 2 
2.012 0.002501789751 0.002501789751 1 
2.012533333 0.002419309715 0.002419309715 1 
2.013066667 0.0009672033521 0.0009672033521 1 
2.0136 0.002387486469 0.002387486469 1 
2.014133333 0 0 0 
2.014666667 0 0 0 
2.0152 8.166989677e-05 8.166989677e-05 1 
2.015733333 0.002447704647 0.002447704647 1 
2.016266667 0.002261653541 0.00221867483 3 
2.0168 0.0037898952 0.0037898952 1 
2.017333333 0.0009869180769 0.0009869180769 1 
2.017866667 0.0004632546028 0.0004632546028 1 
2.0184 0.001940661892 0.001940661892 1 
2.018933333 0.01063941191 0.007627579445 4 
2.019466667 0.001874879834 0.001874879834 1 
2.02 0.003002505177 0.003002505177 1 
2.020533333 0.0003374834573 0.0003374834573 1 
2.021066667 0.001454808119 0.001454808119 1 
2.0216 0.0009067825534 0.0009067825534 1 
2.022133333 0 0 0 
2.022666667 0 0 0 
2.0232 0.002736955581 0.002182372734 2 
2.023733333 0 0 0 
2.024266667 0.001221925595 0.001221925595 1 
2.0248 0.003640221065 0.003640221065 1 
2.025333333 0.00031585411 0.00031585411 1 
2.025866667 0.007739442166 0.006170626466 2 
2.0264 0.001778516231 0.001778516231 1 
2.026933333 0.003971629619 0.003971629619 1 
2.027466667 0 0 0 
2.028 0.0003372542737 0.0003372542737 1 
2.028533333 0 0 0 
2.029066667 0 0 0 
2.0296 0 0 0 
2.030133333 0.00206956269 0.00206956269 1 
2.030666667 0 0 0 
2.0312 0.003207981496 0.002566208327 2 
2.031733333 0.07261647437 0.0583967648 4 
2.032266667 0.102415754 0.09871029535 4 
2.0328 0.2059103308 0.1807349242 3 
2.033333333 0.09339679867 0.06262865283 4 
2.033866667 0.2970676203 0.1500319188 9 
2.0344 0.6961144254 0.2595798236 16 
2.034933333 0.3296839976 0.1341003529 14 
2.035466667 1.370948513 0.3230455657 33 
2.036 1.739366205 0.3701236479 40 
2.036533333 2.363235681 0.4810225514 46 
2.037066667 3.003234802 0.4625388049 77 
2.0376 3.043229468 0.4720533552 82 
2.038133333 3.948021069 0.4976579878 110 
2.038666667 5.960968955 0.6526364545 148 
2.0392 6.754878072 0.7728308682 137 
2.039733333 6.454602162 0.7870319805 139 
2.040266667 5.711910974 0.6765871019 139 
2.0408 4.723575277 0.5816135332 140 
2.041333333 7.697536538 0.8014437993 164 
2.041866667 6.396354705 0.7486444337 142 
2.0424 8.005746115 0.8077494754 175 
2.042933333 4.47953709 0.5837423573 109 
2.043466667 5.250600328 0.6696682473 122 
2.044 4.793284633 0.6020094374 108 
2.044533333 3.444548238 0.5151205389 84 
2.045066667 3.674779911 0.5444887062 83 
2.0456 1.819190674 0.3958510937 39 
2.046133333 1.642886611 0.3586236113 37 
2.046666667 0.8990776464 0.2421928964 22 
2.0472 0.8831550258 0.2660153388 17 
2.047733333 0.8673258629 0.3112227137 12 
2.048266667 0.3460460112 0.1768427852 7 
2.0488 0.00791288102 0.005595957416 2 
2.049333333 0.008696574473 0.01064265536 2 
2.049866667 0.1289249862 0.1289249862 1 
2.0504 0 0 0 
2.050933333 0.001847966729 0.001847966729 1 
2.051466667 0.00483746471 0.00483746471 1 
2.052 0.002282845915 0.002282845915 1 
2.052533333 0.002970613038 0.002504493305 2 
2.053066667 0.001048761481 0.001048761481 1 
2.0536 0.003326220033 0.003326220033 1 
2.054133333 0.00103593296 0.00103593296 1 
2.054666667 0 0 0 
2.0552 0 0 0 
2.055733333 0 0 0 
2.056266667 0 0 0 
2.0568 0.004054225264 0.004054225264 1 
2.057333333 0 0 0 
2.057866667 0 0 0 
2.0584 0 0 0 
2.058933333 0.0059756147 0.004640038305 2 
2.059466667 0.0001395277125 0.0001395277125 1 
2.06 0.0002143217129 0.0002143217129 1 
2.060533333 0.001892621408 0.001892621408 1 
2.061066667 0 0 0 
2.0616 0 0 0 
2.062133333 0.005279107774 0.003318420567 3 
2.062666667 0.003094058696 0.003090031446 2 
2.0632 0.001910046271 0.001910046271 1 
2.063733333 0.001944355901 0.001944355901 1 
2.064266667 0 0 0 
2.0648 0 0 0 
2.065333333 0.00101041963 0.00101041963 1 
2.065866667 0.002348119135 0.002348119135 1 
2.0664 0 0 0 
2.066933333 0.0009720963193 0.0009720963193 1 
2.067466667 0 0 0 
2.068 0.002118607923 0.002118607923 1 
2.068533333 0 0 0 
2.069066667 0.006093466307 0.004311438047 2 
2.0696 0.001764739386 0.001764739386 1 
2.070133333 0.004693458009 0.003494097101 2 
2.070666667 0.0007251409264 0.0007251409264 1 
2.0712 0.003712295364 0.003712295364 1 
2.071733333 0.002672047567 0.002547330675 3 
2.072266667 0.001937543683 0.001937543683 1 
2.0728 0.001975276151 0.001975276151 1 
2.073333333 0 0 0 
2.073866667 4.861342208e-06 4.861342208e-06 1 
2.0744 0.002837070139 0.002837070139 1 
2.074933333 0 0 0 
2.075466667 0.002101859987 0.001599448007 2 
2.076 0 0 0 
2.076533333 0.0001658246983 0.0001658246983 1 
2.077066667 0 0 0 
2.0776 0.0003383839635 0.0003383839635 1 
2.078133333 0 0 0 
2.078666667 0.001474909127 0.00129844317 2 
2.0792 0 0 0 
2.079733333 0.003262816231 0.003235551907 2 
2.080266667 0 0 0 
2.0808 0 0 0 
2.081333333 0.000963410189 0.000963410189 1 
2.081866667 0 0 0 
2.0824 0 0 0 
2.082933333 0.001628837397 0.001628837397 1 
2.083466667 0.0005696370673 0.0004586077617 2 
2.084 0.0002002478477 0.0002002478477 1 
2.084533333 0 0 0 
2.085066667 0.004221289544 0.004221289544 1 
2.0856 0.001599292719 0.001599292719 1 
2.086133333 0.001092049369 0.001092049369 1 
2.086666667 0 0 0 
2.0872 0 0 0 
2.087733333 0.004903517346 0.004903517346 1 
2.088266667 0 0 0 
2.0888 0.004160650586 0.003801165301 2 
2.089333333 0 0 0 
2.089866667 0 0 0 
2.0904 0 0 0 
2.090933333 0 0 0 
2.091466667 0 0 0 
2.092 0 0 0 
2.092533333 0.004527963089 0.003276715085 2 
2.093066667 0 0 0 
2.0936 0 0 0 
2.094133333 0.002040343784 0.002040343784 1 
2.094666667 0 0 0 
2.0952 0.003509971363 0.004236654232 2 
2.095733333 0.003215387449 0.002275407508 2 
2.096266667 0.02715248026 0.02715248026 1 
2.0968 0.0001372017674 0.0001372017674 1 
2.097333333 0.05411515632 0.0412647546 4 
2.097866667 0.1047226533 0.06442391522 3 
2.0984 0.06850536297 0.03190510814 8 
2.098933333 0.2164501229 0.1079040267 8 
2.099466667 0.3978330839 0.126349193 19 
2.1 0.300454923 0.1166393544 16 
2.100533333 0.9416512216 0.201023894 35 
2.101066667 1.186940204 0.2158785822 56 
2.1016 1.432176894 0.2876006072 50 
2.102133333 1.675518644 0.2671597461 68 
2.102666667 1.943079696 0.3178249027 76 
2.1032 2.594628455 0.354378124 101 
2.103733333 2.901672155 0.3977917021 104 
2.104266667 2.512472658 0.3392221043 96 
2.1048 3.295470095 0.4048915668 114 
2.105333333 3.245550424 0.4069447517 114 
2.105866667 4.16905052 0.4625638342 131 
2.1064 4.04152833 0.4825454436 140 
2.106933333 3.643099554 0.4131308688 117 
2.107466667 3.285096402 0.4078292938 118 
2.108 2.527200222 0.3424943956 104 
2.108533333 2.1369325 0.323793865 80 
2.109066667 1.794551182 0.2673801701 75 
2.1096 1.473796563 0.2572942049 57 
2.110133333 1.607945582 0.2778240863 49 
2.110666667 1.307762899 0.2612843277 38 
2.1112 0.4864244133 0.1383833044 22 
2.111733333 0.554498933 0.1892622764 16 
2.112266667 0.5402163589 0.1942776509 12 
2.1128 0.1928976041 0.0861312948 8 
2.113333333 0.1937699309 0.08632519084 7 
2.113866667 0.1092178922 0.080359281 3 
2.1144 0.06339761962 0.06339761962 1 
2.114933333 0.04868542311 0.04828435617 3 
2.115466667 0 0 0 
2.116 0 0 0 
2.116533333 0 0 0 
2.117066667 0.0001229781025 0.0001229781025 1 
2.1176 0 0 0 
2.118133333 0 0 0 
2.118666667 0.003167695882 0.003167695882 1 
2.1192 0 0 0 
2.119733333 0.001772098909 0.001921088832 2 
2.120266667 0 0 0 
2.1208 0.002073792302 0.001530594253 2 
2.121333333 0 0 0 
2.121866667 0 0 0 
2.1224 0 0 0 
2.122933333 0.003100103017 0.002874359768 3 
2.123466667 0 0 0 
2.124 0.0006339659648 0.0005167458764 2 
2.124533333 0.004382345272 0.003634515897 2 
2.125066667 0 0 0 
2.1256 0 0 0 
2.126133333 0.003042298905 0.003042298905 1 
2.126666667 0 0 0 
2.1272 0.004952690397 0.003502095601 2 
2.127733333 0 0 0 
2.128266667 0 0 0 
2.1288 0.0003052449004 0.0003052449004 1 
2.129333333 0 0 0 
2.129866667 0 0 0 
2.1304 0.004169118375 0.004169118375 1 
2.130933333 0 0 0 
2.131466667 0 0 0 
2.132 0 0 0 
2.132533333 0 0 0 
2.133066667 0.001625922638 0.001625922638 1 
2.1336 0.002045964197 0.002045964197 1 
2.134133333 0.0005887591112 0.0005887591112 1 
2.134666667 0.002878510847 0.002394276103 2 
2.1352 0 0 0 
2.135733333 0 0 0 
2.136266667 0 0 0 
2.1368 0 0 0 
2.137333333 0.003439936401 0.003439936401 1 
2.137866667 0 0 0 
2.1384 0 0 0 
2.138933333 0.0001567567789 0.0001567567789 1 
2.139466667 0.003166857131 0.003749843664 2 
2.14 0.001693461166 0.001693461166 1 
2.140533333 0.0003082940179 0.0003082940179 1 
2.141066667 1.211277411e-05 1.211277411e-05 1 
2.1416 0.002611067473 0.002080342374 2 
2.142133333 0 0 0 
2.142666667 0 0 0 
2.1432 0 0 0 
2.143733333 0.001194155006 0.001194155006 1 
2.144266667 0.003569874594 0.003542375112 2 
2.1448 0 0 0 
2.145333333 0 0 0 
2.145866667 0.004703493963 0.004077291672 2 
2.1464 0.00257505681 0.001845957882 2 
2.146933333 0 0 0 
2.147466667 0 0 0 
2.148 0 0 0 
2.148533333 0.004373629733 0.003180317995 2 
2.149066667 0 0 0 
2.1496 2.769749246e-05 2.769749246e-05 1 
2.150133333 0 0 0 
2.150666667 0 0 0 
2.1512 0.001294338148 0.001294338148 1 
2.151733333 0.001024357099 0.001024357099 1 
2.152266667 0 0 0 
2.1528 0 0 0 
2.153333333 0 0 0 
2.153866667 0 0 0 
2.1544 5.144517746e-05 5.144517746e-05 1 
2.154933333 0.003250006158 0.003250006158 1 
2.155466667 0.00138821627 0.00138821627 1 
2.156 0 0 0 
2.156533333 0.003328475365 0.003789843056 2 
2.157066667 0 0 0 
2.1576 0 0 0 
2.158133333 0 0 0 
2.158666667 0 0 0 
2.1592 0.001967188671 0.001967188671 1 
2.159733333 0 0 0 
2.160266667 2.733836045e-05 2.733836045e-05 1 
2.1608 0 0 0 
2.161333333 0 0 0 
2.161866667 0 0 0 
2.1624 0.003700046196 0.003700046196 1 
2.162933333 8.776498587e-05 8.776498587e-05 1 
2.163466667 0 0 0 
2.164 0.000142720992 0.000142720992 1 
2.164533333 0.002348015333 0.002875702821 2 
2.165066667 0.0002026576094 0.0002026576094 1 
2.1656 0 0 0 
2.166133333 0.002441024571 0.001722100995 3 
2.166666667 0 0 0 
2.1672 0.004329545528 0.003142937328 2 
2.167733333 0 0 0 
2.168266667 4.736814584e-05 4.736814584e-05 1 
2.1688 0.001566948396 0.001566948396 1 
2.169333333 0.001636365324 0.001394302078 2 
2.169866667 0.000207145706 0.000207145706 1 
2.1704 0 0 0 
2.170933333 0 0 0 
2.171466667 0 0 0 
2.172 4.166347171e-05 4.166347171e-05 1 
2.172533333 0 0 0 
2.173066667 0 0 0 
2.1736 0.002650192715 0.002650192715 1 
2.174133333 0.0006244864375 0.0006244864375 1 
2.174666667 0 0 0 
2.1752 0 0 0 
2.175733333 0.0001417024062 0.0001417024062 1 
2.176266667 0 0 0 
2.1768 0 0 0 
2.177333333 0 0 0 
2.177866667 0 0 0 
2.1784 0.002594259703 0.002594259703 1 
2.178933333 0 0 0 
2.179466667 0 0 0 
2.18 0 0 0 
2.180533333 0 0 0 
2.181066667 0 0 0 
2.1816 0 0 0 
2.182133333 0.005742676464 0.004761803171 3 
2.182666667 0 0 0 
2.1832 0 0 0 
2.183733333 0 0 0 
2.184266667 0.000511294486 0.000511294486 1 
2.1848 0 0 0 
2.185333333 0 0 0 
2.185866667 0 0 0 
2.1864 0.001915352502 0.001915352502 1 
2.186933333 0 0 0 
2.187466667 0 0 0 
2.188 0 0 0 
2.188533333 0 0 0 
2.189066667 0 0 0 
2.1896 0 0 0 
2.190133333 0 0 0 
2.190666667 0 0 0 
2.1912 0 0 0 
2.191733333 0 0 0 
2.192266667 0 0 0 
2.1928 0 0 0 
2.193333333 0.001676985705 0.001676985705 1 
2.193866667 0 0 0 
2.1944 0.0002591104444 0.0002591104444 1 
2.194933333 0 0 0 
2.195466667 0 0 0 
2.196 0.001774387762 0.002087915429 2 
2.196533333 0 0 0 
2.197066667 0.0002660216369 0.0002660216369 1 
2.1976 0 0 0 
2.198133333 0 0 0 
2.198666667 0.00300327766 0.002615827115 2 
2.1992 0.001632325924 0.001632325924 1 
2.199733333 0 0 0 
2.200266667 0.0001107946063 0.0001107946063 1 
2.2008 0 0 0 
2.201333333 0 0 0 
2.201866667 0 0 0 
2.2024 0 0 0 
2.202933333 0 0 0 
2.203466667 0 0 0 
2.204 0.001933844788 0.001933844788 1 
2.204533333 0 0 0 
2.205066667 0.002505482492 0.002505482492 1 
2.2056 0.00220871333 0.001952654167 3 
2.206133333 0.001313331127 0.001313331127 1 
2.206666667 0.0001407391343 0.0001407391343 1 
2.2072 0 0 0 
2.207733333 0.005002879512 0.004518761289 2 
2.208266667 0.0006382407215 0.0006382407215 1 
2.2088 0.0001551406971 0.0001551406971 1 
2.209333333 0.0046998531 0.0046998531 1 
2.209866667 0 0 0 
2.2104 0 0 0 
2.210933333 0 0 0 
2.211466667 0 0 0 
2.212 0.002357564248 0.002769030163 2 
2.212533333 0.0003216384469 0.0003723510463 2 
2.213066667 0.003365801049 0.003365801049 1 
2.2136 0 0 0 
2.214133333 0 0 0 
2.214666667 0 0 0 
2.2152 0 0 0 
2.215733333 5.834643645e-09 5.834643645e-09 1 
2.216266667 0 0 0 
2.2168 0 0 0 
2.217333333 0.0007765529159 0.0007765529159 1 
2.217866667 0 0 0 
2.2184 0 0 0 
2.218933333 0.005439661853 0.004236494397 2 
2.219466667 0 0 0 
2.22 0 0 0 
2.220533333 0 0 0 
2.221066667 0.003100439443 0.003100439443 1 
2.2216 0 0 0 
2.222133333 0 0 0 
2.222666667 0 0 0 
2.2232 0 0 0 
2.223733333 0 0 0 
2.224266667 0 0 0 
2.2248 0.002090620754 0.002090620754 1 
2.225333333 0 0 0 
2.225866667 0 0 0 
2.2264 0.000798035408 0.000798035408 1 
2.226933333 0 0 0 
2.227466667 2.108603578e-05 2.108603578e-05 1 
2.228 0 0 0 
2.228533333 0.001462587373 0.001462587373 1 
2.229066667 0 0 0 
2.2296 0.001421443771 0.001421443771 1 
2.230133333 0 0 0 
2.230666667 0 0 0 
2.2312 0.0001083443068 0.0001083443068 1 
2.231733333 0 0 0 
2.232266667 0 0 0 
2.2328 0.003285849416 0.003285849416 1 
2.233333333 0.0009999584833 0.0009999584833 1 
2.233866667 0 0 0 
2.2344 0.0004200787733 0.0004200787733 1 
2.234933333 0 0 0 
2.235466667 0 0 0 
2.236 0 0 0 
2.236533333 0 0 0 
2.237066667 0 0 0 
2.2376 0 0 0 
2.238133333 0.001467868278 0.001467868278 1 
2.238666667 0 0 0 
2.2392 0 0 0 
2.239733333 1.108737371e-08 1.108737371e-08 1 
2.240266667 0 0 0 
2.2408 0.0001373975924 0.0001373975924 1 
2.241333333 0.001917695797 0.001917695797 1 
2.241866667 0 0 0 
2.2424 0.0001690601893 0.0001690601893 1 
2.242933333 0.001221169932 0.001221169932 1 
2.243466667 0.0005181199244 0.0005181199244 1 
2.244 0.002730596722 0.002730596722 1 
2.244533333 0.0001858260028 0.0001858260028 1 
2.245066667 0 0 0 
2.2456 0 0 0 
2.246133333 0 0 0 
2.246666667 0.00111490566 0.00111490566 1 
2.2472 0.0001053381565 0.0001053381565 1 
2.247733333 0 0 0 
2.248266667 0 0 0 
2.2488 0 0 0 
2.249333333 0 0 0 
2.249866667 0.00126716538 0.00126716538 1 
2.2504 0 0 0 
2.250933333 0 0 0 
2.251466667 0 0 0 
2.252 0 0 0 
2.252533333 0 0 0 
2.253066667 0 0 0 
2.2536 0.0001093859094 0.0001093859094 1 
2.254133333 0 0 0 
2.254666667 0 0 0 
2.2552 0 0 0 
2.255733333 0 0 0 
2.256266667 0 0 0 
2.2568 0 0 0 
2.257333333 0 0 0 
2.257866667 0 0 0 
2.2584 0 0 0 
2.258933333 0 0 0 
2.259466667 0 0 0 
2.26 0.0005476297466 0.0005476297466 1 
2.260533333 0 0 0 
2.261066667 0.002087695995 0.001640700089 3 
2.2616 0 0 0 
2.262133333 5.319387263e-05 5.319387263e-05 1 
2.262666667 0 0 0 
2.2632 0 0 0 
2.263733333 0 0 0 
2.264266667 0 0 0 
2.2648 0.001959664804 0.001959664804 1 
2.265333333 0 0 0 
2.265866667 0 0 0 
2.2664 0.0004010559156 0.0004010559156 1 
2.266933333 0 0 0 
2.267466667 0.002128260858 0.002128260858 1 
2.268 0 0 0 
2.268533333 0 0 0 
2.269066667 0 0 0 
2.2696 0 0 0 
2.270133333 0 0 0 
2.270666667 0 0 0 
2.2712 0 0 0 
2.271733333 0 0 0 
2.272266667 0 0 0 
2.2728 0 0 0 
2.273333333 7.979619565e-05 6.931805301e-05 2 
2.273866667 0.002738375188 0.002738375188 1 
2.2744 0 0 0 
2.274933333 0.0007209614013 0.0007695104092 2 
2.275466667 0.0009704793789 0.0009704793789 1 
2.276 0 0 0 
2.276533333 0 0 0 
2.277066667 0 0 0 
2.2776 0 0 0 
2.278133333 0 0 0 
2.278666667 0 0 0 
2.2792 0 0 0 
2.279733333 0 0 0 
2.280266667 0.002739292287 0.002739292287 1 
2.2808 0 0 0 
2.281333333 0 0 0 
2.281866667 0 0 0 
2.2824 0.0001021585191 0.0001021585191 1 
2.282933333 0 0 0 
2.283466667 0 0 0 
2.284 0 0 0 
2.284533333 0 0 0 
2.285066667 0 0 0 
2.2856 0 0 0 
2.286133333 0.0001270598358 0.0001270598358 1 
2.286666667 0.00178816799 0.00178816799 1 
2.2872 0 0 0 
2.287733333 0 0 0 
2.288266667 0 0 0 
2.2888 0 0 0 
2.289333333 0 0 0 
2.289866667 0.0001507231898 0.0001507231898 1 
2.2904 0 0 0 
2.290933333 0 0 0 
2.291466667 0.0004045049332 0.0004045049332 1 
2.292 0 0 0 
2.292533333 2.863423785e-05 2.863423785e-05 1 
2.293066667 0 0 0 
2.2936 0 0 0 
2.294133333 0 0 0 
2.294666667 0 0 0 
2.2952 0 0 0 
2.295733333 0 0 0 
2.296266667 0 0 0 
2.2968 0 0 0 
2.297333333 0 0 0 
2.297866667 0 0 0 
2.2984 5.596232681e-05 5.596232681e-05 1 
2.298933333 0 0 0 
2.299466667 0 0 0 
2.3 0 0 0 
2.300533333 0 0 0 
2.301066667 0 0 0 
2.3016 0 0 0 
2.302133333 0 0 0 
2.302666667 0 0 0 
2.3032 0 0 0 
2.303733333 0.001135892798 0.001135892798 1 
2.304266667 0 0 0 
2.3048 0.0008504983483 0.0008504983483 1 
2.305333333 0 0 0 
2.305866667 0 0 0 
2.3064 0 0 0 
2.306933333 0 0 0 
2.307466667 0 0 0 
2.308 0 0 0 
2.308533333 0 0 0 
2.309066667 0 0 0 
2.3096 0 0 0 
2.310133333 0.001453477239 0.001453477239 1 
2.310666667 0 0 0 
2.3112 0 0 0 
2.311733333 0 0 0 
2.312266667 0 0 0 
2.3128 0 0 0 
2.313333333 0 0 0 
2.313866667 0 0 0 
2.3144 0 0 0 
2.314933333 0.002578033836 0.002578033836 1 
2.315466667 0 0 0 
2.316 0 0 0 
2.316533333 0 0 0 
2.317066667 0 0 0 
2.3176 0 0 0 
2.318133333 0 0 0 
2.318666667 0 0 0 
2.3192 0.002991495614 0.003553923825 2 
2.319733333 0 0 0 
2.320266667 0 0 0 
2.3208 0 0 0 
2.321333333 0 0 0 
2.321866667 3.645581835e-05 3.645581835e-05 1 
2.3224 0 0 0 
2.322933333 0.000177547439 0.000177547439 1 
2.323466667 0.000177844857 0.000177844857 1 
2.324 0 0 0 
2.324533333 0 0 0 
2.325066667 0.0007718919388 0.0007718919388 1 
2.3256 0 0 0 
2.326133333 0 0 0 
2.326666667 0 0 0 
2.3272 0 0 0 
2.327733333 0 0 0 
2.328266667 0.001634714367 0.001634714367 1 
2.3288 0 0 0 
2.329333333 0 0 0 
2.329866667 0 0 0 
2.3304 0 0 0 
2.330933333 0.001065711343 0.001065711343 1 
2.331466667 0 0 0 
2.332 0 0 0 
2.332533333 0 0 0 
2.333066667 0 0 0 
2.3336 0 0 0 
2.334133333 0 0 0 
2.334666667 0 0 0 
2.3352 0 0 0 
2.335733333 0 0 0 
2.336266667 0 0 0 
2.3368 0 0 0 
2.337333333 0 0 0 
2.337866667 0 0 0 
2.3384 0 0 0 
2.338933333 0 0 0 
2.339466667 0 0 0 
2.34 0 0 0 
2.340533333 0.001322876086 0.001322876086 1 
2.341066667 0 0 0 
2.3416 0 0 0 
2.342133333 0 0 0 
2.342666667 0 0 0 
2.3432 0 0 0 
2.343733333 0 0 0 
2.344266667 0 0 0 
2.3448 0 0 0 
2.345333333 0 0 0 
2.345866667 0 0 0 
2.3464 0 0 0 
2.346933333 0 0 0 
2.347466667 0 0 0 
2.348 0 0 0 
2.348533333 0 0 0 
2.349066667 0 0 0 
2.3496 0 0 0 
2.350133333 0 0 0 
2.350666667 0 0 0 
2.3512 0 0 0 
2.351733333 0 0 0 
2.352266667 0 0 0 
2.3528 0 0 0 
2.353333333 0 0 0 
2.353866667 0 0 0 
2.3544 0 0 0 
2.354933333 0 0 0 
2.355466667 0 0 0 
2.356 0 0 0 
2.356533333 0 0 0 
2.357066667 0 0 0 
2.3576 0 0 0 
2.358133333 0 0 0 
2.358666667 0 0 0 
2.3592 0 0 0 
2.359733333 0 0 0 
2.360266667 0 0 0 
2.3608 0.002076468858 0.002076468858 1 
2.361333333 0 0 0 
2.361866667 0 0 0 
2.3624 0 0 0 
2.362933333 0 0 0 
2.363466667 0 0 0 
2.364 0 0 0 
2.364533333 0 0 0 
2.365066667 0 0 0 
2.3656 0 0 0 
2.366133333 0 0 0 
2.366666667 0.001633731377 0.001633731377 1 
2.3672 0 0 0 
2.367733333 0 0 0 
2.368266667 0 0 0 
2.3688 0 0 0 
2.369333333 0 0 0 
2.369866667 0 0 0 
2.3704 0 0 0 
2.370933333 0 0 0 
2.371466667 0 0 0 
2.372 0 0 0 
2.372533333 0 0 0 
2.373066667 0 0 0 
2.3736 0 0 0 
2.374133333 0 0 0 
2.374666667 0 0 0 
2.3752 0 0 0 
2.375733333 0 0 0 
2.376266667 0 0 0 
2.3768 0 0 0 
2.377333333 0 0 0 
2.377866667 0 0 0 
2.3784 0 0 0 
2.378933333 0 0 0 
2.379466667 0 0 0 
2.38 0 0 0 
2.380533333 0 0 0 
2.381066667 0 0 0 
2.3816 0 0 0 
2.382133333 0 0 0 
2.382666667 0 0 0 
2.3832 0 0 0 
2.383733333 0 0 0 
2.384266667 0 0 0 
2.3848 0 0 0 
2.385333333 0 0 0 
2.385866667 0 0 0 
2.3864 0 0 0 
2.386933333 0 0 0 
2.387466667 0 0 0 
2.388 0 0 0 
2.388533333 0 0 0 
2.389066667 0 0 0 
2.3896 0 0 0 
2.390133333 0 0 0 
2.390666667 0 0 0 
2.3912 0 0 0 
2.391733333 0 0 0 
2.392266667 0 0 0 
2.3928 0 0 0 
2.393333333 0 0 0 
2.393866667 0 0 0 
2.3944 0 0 0 
2.394933333 0 0 0 
2.395466667 0 0 0 
2.396 0 0 0 
2.396533333 0 0 0 
2.397066667 0 0 0 
2.3976 0 0 0 
2.398133333 0 0 0 
2.398666667 0 0 0 
2.3992 0 0 0 
2.399733333 0 0 0 
