# Format: McCode with text headers
# URL: http://www.mccode.org
# Creator: McStas 2.5 - Dec. 12, 2018
# Instrument: ESS_BEER_MCPL.instr
# Ncount: 500000
# Trace: no
# Gravitation: no
# Seed: 1557956646
# Directory: /Users/andrewsazonov/Desktop/MacStas/BEER/ESS_BEER_MCPL_20190515_120940
# Param: input=BEER_MR.mcpl
# Param: repetition=50
# Param: pwdfile=duplex.laz
# Param: lc=6.65
# Param: lam0=2
# Param: dlam=1.8
# Param: omega=45
# Param: chi=90
# Param: colw=1
# Param: modul=0
# Param: mod_frq=2240
# Param: mod_twidth=0.0029
# Param: mod_shift=0
# Param: only_event=-1
# Param: pinc=0.1
# Param: ptra=0
# Param: strain=0
# Param: ustrain=0
# Date: Wed May 15 12:09:41 2019 (1557914981)
# type: array_1d(201)
# Source: ESS_BEER_MCPL (ESS_BEER_MCPL.instr)
# component: MonNDZ
# position: 0.52 0 0.04
# title: Z, mm monitor
# Ncount: 500000
# filename: SGV_z.dat
# statistics: X0=-0.00756546; dX=0.281323;
# signal: Min=0; Max=21.8897; Mean=1.57422;
# values: 316.419 4.295 13486
# xvar: U1
# yvar: (I,I_err)
# xlabel: Z, mm
# ylabel: Intensity [n/s/bin]
# xlimits: -5 5
# variables: U1 I I_err N
-4.975124378 0 0 0 
-4.925373134 0 0 0 
-4.875621891 0 0 0 
-4.825870647 0 0 0 
-4.776119403 0 0 0 
-4.726368159 0 0 0 
-4.676616915 0 0 0 
-4.626865672 0 0 0 
-4.577114428 0 0 0 
-4.527363184 0 0 0 
-4.47761194 0 0 0 
-4.427860697 0 0 0 
-4.378109453 0 0 0 
-4.328358209 0 0 0 
-4.278606965 0 0 0 
-4.228855721 0 0 0 
-4.179104478 0 0 0 
-4.129353234 0 0 0 
-4.07960199 0 0 0 
-4.029850746 0 0 0 
-3.980099502 0 0 0 
-3.930348259 0 0 0 
-3.880597015 0 0 0 
-3.830845771 0 0 0 
-3.781094527 0 0 0 
-3.731343284 0 0 0 
-3.68159204 0 0 0 
-3.631840796 0 0 0 
-3.582089552 0 0 0 
-3.532338308 0 0 0 
-3.482587065 0 0 0 
-3.432835821 0 0 0 
-3.383084577 0 0 0 
-3.333333333 0 0 0 
-3.28358209 0 0 0 
-3.233830846 0 0 0 
-3.184079602 0 0 0 
-3.134328358 0 0 0 
-3.084577114 0 0 0 
-3.034825871 0 0 0 
-2.985074627 0 0 0 
-2.935323383 0 0 0 
-2.885572139 0 0 0 
-2.835820896 0 0 0 
-2.786069652 0 0 0 
-2.736318408 0 0 0 
-2.686567164 0 0 0 
-2.63681592 0 0 0 
-2.587064677 0 0 0 
-2.537313433 0 0 0 
-2.487562189 0 0 0 
-2.437810945 0 0 0 
-2.388059701 0 0 0 
-2.338308458 0 0 0 
-2.288557214 0 0 0 
-2.23880597 0 0 0 
-2.189054726 0 0 0 
-2.139303483 0 0 0 
-2.089552239 0 0 0 
-2.039800995 0 0 0 
-1.990049751 0 0 0 
-1.940298507 0 0 0 
-1.890547264 0 0 0 
-1.84079602 0 0 0 
-1.791044776 0 0 0 
-1.741293532 0 0 0 
-1.691542289 0 0 0 
-1.641791045 0 0 0 
-1.592039801 0 0 0 
-1.542288557 0 0 0 
-1.492537313 0 0 0 
-1.44278607 0 0 0 
-1.393034826 0 0 0 
-1.343283582 0 0 0 
-1.293532338 0 0 0 
-1.243781095 0 0 0 
-1.194029851 0 0 0 
-1.144278607 0 0 0 
-1.094527363 0 0 0 
-1.044776119 0 0 0 
-0.9950248756 0 0 0 
-0.9452736318 0 0 0 
-0.8955223881 0 0 0 
-0.8457711443 0 0 0 
-0.7960199005 0 0 0 
-0.7462686567 0.1692293006 0.1012605129 6 
-0.6965174129 0.7537410333 0.3632096899 17 
-0.6467661692 1.354666445 0.2626598749 71 
-0.5970149254 3.235192075 0.4768048181 134 
-0.5472636816 4.790899917 0.5268208482 189 
-0.4975124378 6.660072146 0.654891066 264 
-0.447761194 7.276856738 0.6404856416 316 
-0.3980099502 9.681392369 0.7526155157 414 
-0.3482587065 11.69430905 0.8426737446 488 
-0.2985074627 13.33618752 0.8506755378 557 
-0.2487562189 15.32847645 0.934199866 626 
-0.1990049751 16.3974383 0.9795893217 687 
-0.1492537313 19.15108754 1.063859263 806 
-0.09950248756 20.14322307 1.095414338 849 
-0.04975124378 18.54974246 0.9951673049 842 
0 21.88972867 1.145822554 937 
0.04975124378 20.84610849 1.115858036 854 
0.09950248756 21.68833337 1.168226558 879 
0.1492537313 19.07129976 1.038558162 814 
0.1990049751 17.18587051 0.9781015595 742 
0.2487562189 13.83530213 0.9198702475 591 
0.2985074627 11.1934686 0.7491120993 534 
0.3482587065 12.02386438 0.804857558 531 
0.3980099502 8.667678384 0.7149893999 402 
0.447761194 6.271786415 0.5634709517 315 
0.4975124378 6.607346722 0.629437775 278 
0.5472636816 4.086638598 0.4741099706 163 
0.5970149254 2.920141427 0.4450189582 115 
0.6467661692 1.220713378 0.2928264451 47 
0.6965174129 0.2231836204 0.08612739582 14 
0.7462686567 0.1265584514 0.1129451833 3 
0.7960199005 0.03857295598 0.03857295598 1 
0.8457711443 0 0 0 
0.8955223881 0 0 0 
0.9452736318 0 0 0 
0.9950248756 0 0 0 
1.044776119 0 0 0 
1.094527363 0 0 0 
1.144278607 0 0 0 
1.194029851 0 0 0 
1.243781095 0 0 0 
1.293532338 0 0 0 
1.343283582 0 0 0 
1.393034826 0 0 0 
1.44278607 0 0 0 
1.492537313 0 0 0 
1.542288557 0 0 0 
1.592039801 0 0 0 
1.641791045 0 0 0 
1.691542289 0 0 0 
1.741293532 0 0 0 
1.791044776 0 0 0 
1.84079602 0 0 0 
1.890547264 0 0 0 
1.940298507 0 0 0 
1.990049751 0 0 0 
2.039800995 0 0 0 
2.089552239 0 0 0 
2.139303483 0 0 0 
2.189054726 0 0 0 
2.23880597 0 0 0 
2.288557214 0 0 0 
2.338308458 0 0 0 
2.388059701 0 0 0 
2.437810945 0 0 0 
2.487562189 0 0 0 
2.537313433 0 0 0 
2.587064677 0 0 0 
2.63681592 0 0 0 
2.686567164 0 0 0 
2.736318408 0 0 0 
2.786069652 0 0 0 
2.835820896 0 0 0 
2.885572139 0 0 0 
2.935323383 0 0 0 
2.985074627 0 0 0 
3.034825871 0 0 0 
3.084577114 0 0 0 
3.134328358 0 0 0 
3.184079602 0 0 0 
3.233830846 0 0 0 
3.28358209 0 0 0 
3.333333333 0 0 0 
3.383084577 0 0 0 
3.432835821 0 0 0 
3.482587065 0 0 0 
3.532338308 0 0 0 
3.582089552 0 0 0 
3.631840796 0 0 0 
3.68159204 0 0 0 
3.731343284 0 0 0 
3.781094527 0 0 0 
3.830845771 0 0 0 
3.880597015 0 0 0 
3.930348259 0 0 0 
3.980099502 0 0 0 
4.029850746 0 0 0 
4.07960199 0 0 0 
4.129353234 0 0 0 
4.179104478 0 0 0 
4.228855721 0 0 0 
4.278606965 0 0 0 
4.328358209 0 0 0 
4.378109453 0 0 0 
4.427860697 0 0 0 
4.47761194 0 0 0 
4.527363184 0 0 0 
4.577114428 0 0 0 
4.626865672 0 0 0 
4.676616915 0 0 0 
4.726368159 0 0 0 
4.776119403 0 0 0 
4.825870647 0 0 0 
4.875621891 0 0 0 
4.925373134 0 0 0 
4.975124378 0 0 0 
