!Default Powder Pattern; NEUTRONS:  => lambda,Ls,Gs:  1.2700 9980.0 9980.0
    1.0000    0.0500  140.0000
         20.0012         20.0012         20.0013         20.0013         20.0014         20.0015         20.0016         20.0018
         20.0024         20.0036         20.0062         20.0113         20.0201         20.0332         20.0500         20.0681
         20.0834         20.0914         20.0898         20.0790         20.0626         20.0453         20.0311         20.0232
         20.0249         20.0416         20.0826         20.1607         20.2870         20.4622         20.6679         20.8639
         20.9988         21.0311         20.9503         20.7835         20.5809         20.3932         20.2552         20.1808
         20.1665         20.1986         20.2569         20.3180         20.3590         20.3644         20.3314         20.2708
         20.2006         20.1380         20.0931         20.0684         20.0601         20.0627         20.0727         20.0929
         20.1351         20.2211         20.3780         20.6252         20.9571         21.3303         21.6682         21.8910
         21.9599         21.9120         21.8519         21.8986         22.1173         22.4740         22.8404         23.0499
         22.9822         22.6246         22.0718         21.4671         20.9362         20.5488         20.3177         20.2235
         20.2398         20.3454         20.5208         20.7415         20.9780         21.2086         21.4386         21.7064
         22.0600         22.5113         23.0033         23.4218         23.6544         23.6625         23.5078         23.3051
         23.1451         23.0492         22.9843         22.9154         22.8433         22.7897         22.7561         22.7027
         22.5700         22.3270         22.0014         21.6666         21.4044         21.2742         21.3020         21.4826
         21.7855         22.1625         22.5632         22.9532         23.3201         23.6503         23.8945         23.9642
         23.7746         23.3106         22.6555         21.9569         21.3622         20.9669         20.8012         20.8482
         21.0755         21.4546         21.9620         22.5615         23.1877         23.7482         24.1539         24.3583
         24.3717         24.2354         23.9872         23.6553         23.2737         22.8913         22.5613         22.3268
         22.2143         22.2359         22.3917         22.6678         23.0322         23.4302         23.7851         24.0155
         24.0639         23.9184         23.6054         23.1716         22.6787         22.2085         21.8545         21.6981
         21.7814         22.0955         22.5933         23.2194         23.9424         24.7623         25.6868         26.6917
         27.6941         28.5510         29.0885         29.1668         28.7506         27.9271         26.8701         25.8012
         24.9542         24.5196         24.5773         25.0530         25.7293         26.3309         26.6009         26.4400
         25.8838         25.0704         24.1911         23.4431         22.9800         22.8782         23.1280         23.6513
         24.3378         25.0802         25.7910         26.4026         26.8704         27.1704         27.2936         27.2501
         27.0715         26.7984         26.4763         26.1638         25.9393         25.8969         26.1202         26.6220
         27.2872         27.8807         28.1412         27.9285         27.3380         26.6789         26.3216         26.5193
         27.2939         28.4289         29.5603         30.3148         30.4461         29.9252         28.9263         27.7374
         26.6630         25.9489         25.7390         26.0585         26.8067         27.7652         28.6405         29.1401
         29.0722         28.4163         27.3271         26.0913         25.0518         24.5120         24.6621         25.5383
         27.0169         28.8384         30.6576         32.1266         32.9850         33.1389         32.7095         32.0023
         31.3957         31.1994         31.5260         32.2329         32.9752         33.3561         33.1115         32.2241
         30.9262         29.5927         28.5609         27.9895         27.8321         27.9205         28.0845         28.2265
         28.3310         28.4243         28.5399         28.7274         29.0786         29.7197         30.7228         31.9873
         33.2000         33.9407         33.8924         33.0300         31.6889         30.4528         29.8969         30.3327
         31.6762         33.4885         35.1671         36.2044         36.3835         35.8292         34.9136         34.0505
         33.4929         33.2377         33.0711         32.7169         32.0096         31.0051         29.9696         29.2758
         29.2579         30.0897         31.7294         33.9311         36.2980         38.3735         39.7704         40.3062
         40.0709         39.3542         38.4710         37.5844         36.6437         35.4940         34.0768         32.5617
         31.3084         30.6966         30.9223         31.8924         33.2755         34.6637         35.7464         36.3983
         36.6501         36.6126         36.4309         36.2563         36.1900         36.2268         36.2692         36.2404
         36.2283         36.5305         37.4940         39.2301         41.4290         43.4217         44.4776         44.1681
         42.5644         40.1790         37.7241         35.8167         34.7482         34.4412         34.5963         35.0211
         36.0679         39.2042         47.8351         68.4390        111.5242        190.8567        318.8832        497.9013
        710.3405        915.7372       1060.4218       1099.2581       1018.9274        845.7682        631.0035        426.1975
        264.7207        156.4337         93.9000         62.6075         48.9325         43.5372         41.3849         40.3589
         39.8317         39.6914         39.8323         39.9885         39.8156         39.1006         37.9419         36.7562
         36.0631         36.1812         37.0563         38.3283         39.5745         40.5413         41.2042         41.6513
         41.9109         41.8842         41.4321         40.5440         39.4430         38.5302         38.1864         38.5594
         39.4910         40.6279         41.6409         42.4192         43.1120         43.9665         45.0675         46.1791
         46.8477         46.7285         45.8772         44.7693         44.0104         43.9637         44.5763         45.4874
         46.2988         46.7903         46.9721         46.9984         47.0051         46.9933         46.8637         46.5676
         46.2228         46.0492         46.1649         46.4638         46.6764         46.5465         45.9617         44.9495
         43.5876         41.9468         40.1346         38.3932         37.1312         36.7991         37.6607         39.6037
         42.1410         44.6267         46.5640         47.8017         48.4865         48.8239         48.8815         48.6126
         48.0521         47.4463         47.1410         47.3087         47.7611         48.0326         47.6788         46.5677
         44.9556         43.3225         42.1133         41.5724         41.7636         42.6804         44.2785         46.3817
         48.6015         50.4370         51.5315         51.8637         51.6846         51.2673         50.8394         50.1173
         49.2709         48.5752         48.4738         49.3118         51.0733         53.3429         55.5097         57.0469
         57.6765         57.3336         56.0297         53.8061         50.8588         47.6796         45.0132         43.5784
         43.7491         45.4026         48.0027         50.8355         53.2557         54.8493         55.5007         55.4018
         54.9809         54.7083         54.8294         55.2021         55.4004         55.0100         53.8745         52.1137
         49.9656         47.6616         45.4805         43.8885         43.5092         44.8467         47.9935         52.6281
         58.4842         66.1233         77.5379         95.8933        124.0597        162.2104        205.7887        245.4296
        269.8754        271.0469        248.4864        209.6398        165.7371        126.6874         97.8436         79.7839
         70.1280         65.7877         64.3261         64.1953         64.3790         64.1217         62.9705         60.8899
         58.2134         55.4485         53.1136         51.5744         51.0299         51.4748         52.6791         54.2746
         55.9052         57.3461         58.5005         59.3050         59.6628         59.5151         58.9978         58.4638
         58.2812         58.5870         59.2198         59.8563         60.2123         60.1611         59.7451         59.1396
         58.6311         58.5526         59.1015         60.1350         61.1592         61.5740         60.9887         59.3758
         57.0262         54.4369         52.2155         50.9558         51.0336         52.4320         54.7276         57.2825
         59.5599         61.1543         62.0901         62.6329         63.2128         64.2204         65.7452         67.4239
         68.5786         68.5846         67.2281         64.8272         62.0608         59.6461         58.1120         57.7250
         58.4629         60.0089         61.8468         63.4476         64.4359         64.6947         64.4108         64.0414
         64.1539         65.1534         67.0682         69.5557         72.0913         74.1673         75.3874         75.4853
         74.4212         72.5547         70.6357         69.4581         69.4118         70.2772         71.3995         72.0989
         72.0347         71.3167         70.3600         69.6244         69.3804         69.5940         70.0142         70.4019
         70.6937         71.0145         71.6186         72.8518         75.1338         78.8782         84.4576         92.7446
        107.1033        138.6076        216.8589        407.8188        834.1067       1679.5289       3148.8005       5360.8535
       8199.9229      11218.3740      13693.9639      14887.7324      14398.8057      12394.7061       9511.1357       6519.2734
       4004.4346       2219.9629       1129.3772        547.8949        274.0108        158.0584        112.7637         96.0393
         90.4841         89.3143         89.4639         89.1833         87.6375         84.9121         81.7558         79.1014
         77.6850         77.7975         79.2387         81.4651         83.8511         85.8838         87.2214         87.7230
         87.4046         86.3609         84.6395         82.1858         78.9716         75.2411         71.5318         68.5276
         66.8692         67.0102         69.1244         73.0180         78.0924         83.4280         87.9635         90.7481
         91.1783         89.2620         85.6906         81.5693         77.9398         75.4665         74.3105         74.2322
         74.7843         75.5296         76.1913         76.6407         76.7117         76.1005         74.5448         72.1337
         69.4443         67.3757         66.7481         67.8846         70.4165         73.4421         75.9651         77.3725
         77.7099         77.6118         77.9695         79.4842         82.2801         85.8145         89.2162         91.7663
         93.1984         93.6428         93.3615         92.5224         91.1213         89.0061         86.0381         82.3322
         78.3560         74.8708         72.7087         72.5414         74.6155         78.5723         83.5347         88.5023
         92.9863         97.8271        106.7628        129.5342        187.0091        316.9195        574.9536       1022.2014
       1692.5812       2548.6062       3452.2354       4185.0586       4526.8486       4362.4609       3748.3936       2879.1729
       1985.3395       1239.0573        712.6312        392.8296        223.7664        145.3485        113.0345        100.7159
         95.7518         93.0770         91.1308         89.6995         88.8682         88.5528         88.4878         88.4987
         88.7434         89.6494         91.5046         94.0068         96.1648         96.7484         95.0633         91.4509
         87.1268         83.5676         81.8395         82.1988         84.0069         86.1108         87.4566         87.5842
         86.6971         85.3757         84.1931         83.4417         83.1163         83.1676         83.6339         84.5975
         86.0742         87.9134         89.8464         91.4781         92.3412         92.1448         91.0508         89.7121
         89.0307         89.7329         91.9293         94.9250         97.4964         98.5260         97.6009         95.2209
         92.5550         90.8341         90.6798         91.8309         93.3831         94.3349         94.1081         92.7421
         90.5661         88.2918         85.9681         83.6234         81.4440         79.9588         79.8410         81.5774
         85.1632         90.0681         95.4734        100.6736        105.2580        109.0694        112.1246        114.5998
        116.9982        120.7641        129.3896        149.4671        190.6514        263.0063        371.2447        507.5767
        647.8073        756.1181        798.8112        761.3245        656.7971        518.2316        381.4275        270.8859
        194.7755        148.8132        123.5411        110.1636        103.0292         99.2690         97.4885         96.8484
         96.8165         97.1823         97.9762         99.2198        100.6464        101.6482        101.6185        100.4069
         98.4978         96.8275         96.3079         97.2713         99.2329        101.1858        102.2200        101.9618
        100.5724         98.4937         96.2048         94.1333         92.7332         92.5343         93.9957         97.2115
        101.6806        106.3206        109.7698        110.9583        109.6217        106.3977        102.5432         99.4300
         97.9520         98.1480         99.3066        100.4623        100.9212        100.5797         99.9191         99.6416
        100.2085        101.6320        103.5547        105.4358        106.7130        106.8981        105.6331        102.8100
         98.7899         94.4446         90.9396         89.3895         90.4879         94.1990         99.7319        105.8765
        111.5026        115.7599        118.3655        119.3326        118.8497        117.3536        115.6468        114.8136
        115.9510        119.8913        127.2943        138.4869        153.5823        171.9421        191.2158        207.1487
        214.7557        210.7260        195.5308        173.3715        150.0921        130.7347        117.9628        111.8806
        110.6851        111.8080        113.0014        113.0106        111.7098        109.7597        107.9865        106.8446
        106.3284        106.2838        106.7602        108.0776        110.4746        113.6365        116.6511        118.5162
        118.7088        117.4002        115.2632        112.9863        110.9266        109.1732        107.7905        106.9069
        106.6267        106.9148        107.5702        108.4226        109.5574        111.2530        113.6724        116.5494
        119.1164        120.4451        120.0478        118.2359        115.9290        114.1454        113.5276        114.0923
        115.3335        116.5497        117.1002        116.5081        114.4736        110.9354        106.2954        101.6601
         98.6686         98.8155        102.6571        109.4121        117.1529        123.6478        127.3496        127.9328
        126.2117        123.6070        121.4783        120.7238        121.6830        124.1505        127.4359        130.5052
        132.2391        131.8518        129.3604        125.6616        122.1287        119.9522        119.5214        120.2686
        121.1246        121.2237        120.3239        118.7944        117.2536        116.1578        115.6952        115.8903
        116.6195        117.4775        117.8328        117.0282        114.7712        111.4913        108.2699        106.3606
        106.6041        109.0420        112.9616        117.3268        121.2326        124.1749        126.0845        127.1272
        127.5117        127.4660        127.2373        127.0222        126.9010        126.8088        126.5645        126.1019
        125.7037        125.9433        127.3096        129.7155        132.3265        133.9980        133.9928        132.4207
        130.1274        128.0973        126.7835        125.9460        125.0555        123.7452        121.9677        119.8985
        117.8174        116.1491        115.4924        116.4320        119.2504        123.7402        129.1678        134.5280
        138.9505        141.8878        143.1002        142.5721        140.4086        136.8650        132.4712        128.0842
        124.8112        123.9050        127.0331        137.7599        164.9331        227.8432        360.5642        610.2209
       1021.7254       1607.0597       2311.6184       3001.4888       3494.7378       3635.3560       3375.0908       2802.4712
       2091.0176       1414.0792        881.7025        524.4548        315.6481        207.2970        156.2943        134.5292
        127.1402        127.1026        130.6319        135.0562        138.4176        139.6004        138.3604        135.0838
        130.5143        125.6194        121.4389        118.8142        118.1126        119.0460        120.7957        122.5428
        124.0476        125.8280        128.7680        133.3811        139.3078        145.4285        150.4120        153.3937
        154.2175        153.3194        151.3483        148.5719        145.2320        141.2494        136.6505        131.7469
        127.2668        124.2260        123.4563        125.0866        128.3153        131.6824        133.8107        134.1151
        132.9227        131.0648        129.3211        128.1271        127.7164        128.3227        130.0802        132.7502
        135.6069        137.7419        138.6533        138.6234        138.7712        141.0424        148.3737        165.1150
        196.7480        248.0043        319.0170        401.5660        478.2178        527.4219        533.0037        493.2551
        421.5807        339.0038        264.1715        207.3703        170.2334        148.9579        138.2162        133.3775
        131.3192        130.3206        129.7407        129.5790        130.0971        131.5432        134.0314        137.4555
        141.3826        145.0786        147.7172        148.6669        147.9028        145.8645        143.3071        140.8463
        138.7624        137.0498        135.6309        134.5249        133.8964        133.8429        134.2650        134.8108
        134.9991        134.3258        132.4605        129.4720        126.0020        123.3148        122.9242        125.8728
        132.0963        140.2521        148.2403        154.2208        157.3421        157.8672        156.6892        154.6769
        152.4172        150.2945        148.6026        147.5712        147.2489        147.6412        148.7667        150.7359
        153.3873        156.0586        157.6364        157.1802        154.6686        151.3251        149.3448        150.9278
        157.0609        166.7409        177.0517        184.2144        185.2592        179.5601        169.2145        157.9112
        149.1098        144.6515        144.2568        146.2836        148.8163        150.6259        151.2896        151.0406
        150.3852        149.8538        149.8083        150.2697        150.8697        151.0004        150.1787        148.4156
        146.2100        144.1312        142.5336        141.4176        140.8092        141.0656        142.7079        145.9386
        150.3041        154.8363        158.4680        160.2361        159.5942        156.4477        151.2215        144.9709
        139.1415        135.2182        134.1518        136.0268        140.1329        145.3741        150.6731        155.3039
        158.8319        161.1077        162.2474        162.5894        162.5155        162.1729        161.3078        159.5036
        156.6623        153.2905        150.4401        149.5416        152.8405        165.4384        200.1345        285.9945
        479.0851        867.0072       1553.6204       2611.2004       4006.4360       5541.8203       6870.5103       7607.1660
       7507.7676       6607.4663       5199.7651       3674.4739       2349.6934       1381.1908        771.4936        436.1917
        273.1592        202.4001        174.9497        165.8366        163.8269        164.1375        164.7059        164.7699
        164.3464        163.8028        163.4076        162.9967        162.0704        160.2891        157.7879        155.0945
        152.7251        150.7680        148.8866        146.6820        143.9859        141.1318        138.8548        138.1753
        140.0121        144.6344        151.3130        158.5572        164.6210        168.3620        169.5370        168.6431
        166.5826        164.3601        162.8237        162.3574        162.7627        163.4133        163.6212        163.0752
        162.0087        160.9727        160.4062        160.2827        160.1828        159.8013        159.4993        160.6900
        166.1806        181.0488        214.1661        279.0230        391.6778        563.0717        787.7620       1034.5864
       1248.4635       1368.4092       1355.1414       1213.7876        990.6046        747.3491        534.4851        376.9873
        275.4520        216.9030        185.9056        170.3852        162.9068        159.5029        158.2487        158.2769
        159.1052        160.2112        160.9126        160.6550        159.4063        157.7001        156.2980        155.6815
        155.7441        155.9601        155.7778        154.9951        153.9594        153.4964        154.6114        157.9335
        163.2186        169.2691        174.4126        177.3458        177.7614        176.2749        173.8914        171.4583
        169.4306        167.9029        166.7462        165.7301        164.5895        163.1759        161.5678        159.9601
        158.4478        156.9206        155.2752        153.7786        153.1390        154.1054        156.8735        160.7718
        164.6199        167.5638        169.9601        173.8531        182.6938        200.2276        228.5010        265.6955
        305.1040        336.5945        350.4526        342.3056        315.4458        278.5904        241.4530        210.8967
        189.6378        176.7267        169.4185        165.0187        162.0614        160.5525        161.2160        164.4055
        169.4188        174.7706        178.9249        180.9357        180.6165        178.2665        174.3668        169.4857
        164.2074        159.0880        154.6315        151.3345        149.7428        150.3248        153.1877        157.7161
        162.5472        166.1122        167.4378        166.6760        164.9237        163.4958        163.2465        164.2179
        165.7225        166.8307        166.9999        166.3983        165.5309        165.0457        164.9789        165.2332
        165.8833        167.2328        169.5222        172.6161        175.9502        178.7410        180.2256        179.8897
        177.7255        174.5153        171.9086        171.9220        176.0362        184.3850        195.4958        206.8106
        215.5745        219.6737        218.3095        212.3455        203.8579        195.1150        187.7488        182.4668
        179.2317        177.7255        177.6371        178.6602        180.3209        181.9432        182.8400        182.6057
        181.1923        178.7296        175.2863        170.9165        165.7760        160.1828        154.6653        149.9944
        147.2032        147.2073        150.4378        156.5365        164.2909        172.1459        178.6931        183.0500
        184.9737        184.7357        182.9187        180.1749        177.0760        174.1129        171.7060        170.2690
        170.1566        171.4043        173.4640        175.3450        176.1861        175.7843        174.6960        173.8257
        173.8204        174.6437        175.6837        176.0549        175.0325        172.5130        169.2666        166.6310
        165.8012        167.0925        169.6433        171.8612        172.2231        169.9906        165.5365        160.1220
        155.2952        152.2423        151.4222        152.5961        155.1882        158.6534        162.5545        166.4089
        169.5685        171.4372        171.9962        172.0755        172.9984        175.7622        180.2790        185.2689
        188.8453        189.4679        186.7126        181.5236        175.8423        171.6219        169.8350        170.1231
        171.2943        172.2809        172.7755        173.0969        173.6450        174.5056        175.4448        176.1321
        176.3640        176.1325        175.5760        174.9363        174.4947        174.4856        174.9949        175.9888
        177.3805        178.9708        180.4354        181.3361        181.2556        180.0383        177.9386        175.5591
        173.6205        172.7472        173.3777        175.8123        180.3924        188.0115        201.1663        224.8925
        266.2892        331.5349        420.7737        523.2863        617.2123        676.1585        680.5928        628.8099
        537.9023        434.1252        340.5881        270.0835        224.0561        197.2714        182.7881        175.1809
        171.2789        169.4962        169.0209        169.3861        170.3451        171.8632        174.1149        177.3818
        181.7682        186.9309        191.9381        195.4827        196.5262        194.8554        191.1877        186.8216
        183.0712        180.7340        179.8005        179.5506        179.0166        177.5705        175.3053        172.8817
        171.0473        170.2515        170.5657        171.7704        173.4401        175.0366        176.0291        176.1217
        175.3529        173.9257        172.0144        169.8078        167.8166        167.0112        168.4105        172.4277
        178.5172        185.4839        192.3981        199.5910        209.2099        224.8711        250.3038        287.0384
        332.1101        377.0478        410.0383        420.6351        405.1882        368.7684        321.9811        275.8555
        237.9750        211.4877        195.7075        187.7965        184.3278        182.3661        179.9777        176.3383
        171.6195        166.7310        162.9198        161.2111        161.9800        164.8015        168.7048        172.7586
        176.5003        180.0321        183.7159        187.7508        191.8571        195.2274        196.7711        195.5938
        191.5506        185.4213        178.5300        172.1506        167.1215        163.9439        163.0393        164.7439
        169.0463        175.2963        182.1953        188.0721        191.4204        191.5105        188.8620        185.2217
        182.7336        182.7670        185.1264        188.1752        189.8271        188.7121        184.8529        179.5189
        174.5132        171.3587        170.8220        172.8871        176.9880        182.2800        187.8769        192.9489
        196.8219        199.1926        200.2484        200.4821        200.3214        199.8760        198.8425        196.7448
        193.2935        188.6138        183.3197        178.4451        175.1785        174.3488        175.9439        178.9820
        181.9239        183.4162        182.8204        180.2609        176.3642        172.0150        168.2501        166.0737
        166.1649        168.6136        172.9308        178.3055        183.8890        188.8965        192.5533        194.2510
        193.9150        192.1469        189.9836        188.3147        187.3837        186.7902        185.8950        184.3143
        182.1884        180.2177        179.3705        180.3801        183.3328        187.5856        192.1993        196.5090
        200.4578        204.8025        211.7106        226.2913        259.2942        330.5534        470.5786        715.0303
       1088.6466       1580.6782       2125.2847       2605.1980       2887.2407       2880.7856       2587.9917       2101.9724
       1556.1565       1065.2943        692.9156        448.1952        306.2759        232.5805        197.9841        184.0548
        180.8290        183.0340        187.3744        191.5559        194.2711        195.2728        195.0676        194.3360
        193.5083        192.6777        191.7503        190.7195        189.8850        189.8356        191.1217        193.7533
        196.9850        199.5940        200.4987        199.2433        196.1187        191.9138        187.5657        183.9511
        181.7140        181.1148        181.9883        183.9164        186.4825        189.3847        192.3316        194.7924
        195.9981        195.2880        192.4807        188.0496        183.0847        179.1172        177.8192        180.9733
        191.2090        213.7914        258.7425        341.2823        478.0630        677.5710        928.7756       1193.2914
       1411.4934       1521.5500       1488.1680       1322.1569       1073.9637        807.2222        573.1248        397.9325
        283.7112        218.9379        188.1263        178.1081        179.3296        185.2444        191.4352        195.2408
        195.6173        192.8468        188.1082        182.9422        178.6883        176.1449        175.4631        176.3242
        178.2029        180.5016        182.5947        184.0096        184.7744        185.5177        187.0741        189.8643
        193.4819        196.8409        198.7466        198.4871        196.1880        192.7545        189.4962        187.5427
        187.2966        188.1812        188.9129        188.2585        185.7437        181.9285        178.1182        175.6705
        175.4003        177.3267        180.7494        184.6729        188.3521        191.7277        195.4977        200.9890
        209.9122        224.0314        244.4623        270.4099        298.1504        321.4639        333.4651        329.9581
        311.6568        283.5479        252.2508        223.4798        200.8553        185.5702        177.0135        173.6822
        173.9818        176.7433        181.2305        186.8643        192.9623        198.6940        203.1905        205.7492
        206.0511        204.3036        201.3089        198.2370        196.1446        195.4940        195.9453        196.6194
        196.6444        195.6277        193.7015        191.1839        188.3028        185.1228        181.6837        178.1830
        175.0768        173.0635        172.7992        174.4904        177.6802        181.4482        184.8631        187.2765
        188.4101        188.3424        187.4376        186.1969        185.0219        184.1334        183.5782        183.3093
        183.3255        183.6690        184.3263        185.1664        186.1205        187.3780        189.3190        192.2999
        196.0297        199.6528        202.1298        202.7701        201.5720        199.2892        197.1714        196.3918
        197.4892        200.1512        203.3621        205.9262        207.0722        206.7082        205.3129        203.5372
        201.8333        200.2272        198.2757        195.2608        190.5905        184.2642        177.0141        170.0794
        164.8081        162.2561        163.0529        167.3555        174.7632        184.2514        194.2690        203.0624
        209.1182        211.6080        210.6248        207.1167        202.6364        198.8158        196.7404        196.5090
        197.2265        197.5543        196.4705        193.7636        190.0406        186.3611        183.7077        182.4441
        182.0972        181.6476        180.2338        177.8337        175.3101        173.7883        173.9263        175.5947
        178.1420        180.9139        183.6014        186.0847        188.1019        189.0455        188.2827        185.6060
        181.5856        177.5276        175.0496        175.3963        178.8693        184.6246        191.0329        196.4281
        199.7404        200.7463        199.8649        197.8092        195.3224        192.9532        190.9591        189.3985
        188.3506        188.0552        188.7150        190.1998        191.9457        193.2777        193.8911        193.9904
        194.0484        194.4073        195.0514        195.7066        196.0543        195.8840        195.1116        193.8077
        192.1942        190.5531        189.1061        187.8235        186.3916        184.5353        182.3669        180.4371
        179.4728        179.9656        181.9094        184.7495        187.6624        189.9196        191.1703        191.5083
        191.2532        190.6463        189.7632        188.7340        188.0801        188.8308        192.5618        201.7250
        220.4781        255.5896        316.1837        411.3556        544.3424        706.7026        874.3916       1011.4741
       1081.3809       1063.2203        962.9323        809.7727        641.8965        491.1033        374.7645        295.7189
        247.4822        220.4042        206.2353        199.4322        196.7713        196.4220        197.2409        198.4077
        199.1880        198.8757        197.0309        193.7489        189.7009        185.8893        183.1663        181.8988
        181.9548        182.8501        183.9833        184.9807        185.9590        187.3782        189.5693        192.3324
        194.8829        196.2585        195.8117        193.4662        189.7497        185.6003        182.1096        180.2157
        180.4093        182.5945        186.1437        190.2066        194.0611        197.2601        199.5673        200.7995
        200.8635        199.9504        198.5219        197.0291        195.6024        193.9769        191.7405        188.7305
        185.4154        183.0585        183.5658        188.9617        200.4286        217.3038        236.6594        253.8925
        264.3921        265.4852        257.4908        243.1837        226.3603        210.4748        197.7795        189.1319
        184.2886        182.4161        182.5995        184.2165        186.9581        190.5969        194.7175        198.6844
        201.8331        203.7278        204.3778        204.1584        203.5255        202.7631        201.8292        200.4133
        198.2436        195.4492        192.7055        190.9235        190.6609        191.6452        192.7922        192.8632
        191.2469        188.3114        185.1445        182.9207        182.3684        183.5448        185.9057        188.6178
        190.9240        192.3983        193.0285        193.0935        192.8989        192.4881        191.6323        190.1465
        188.1332        186.0441        184.4400        183.5883        183.2559        182.8466        181.7477        179.7185
        177.1269        174.9904        174.6276        177.0630        182.5362        190.3476        199.1305        207.3996
        214.0139        218.4453        220.8234        221.7667        221.9859        221.8753        221.3454        220.0023
        217.5776        214.3046        210.7652        207.4779        204.6144        202.0289        199.5153        197.0296
        194.7094        192.7252        191.0867        189.6442        188.2358        186.7648        185.2116        183.6152
        182.0831        180.9351        180.7130        181.9742        184.9015        189.0535        193.4702        197.0149
        198.7440        198.1864        195.4577        191.2700        186.7682        183.1679        181.3854        181.7823
        184.1546        187.9042        192.2452        196.3497        199.4438        200.9852        200.8686        199.4528
        197.3655        195.1934        193.1845        191.2164        189.0149        186.4022        183.5750        181.4523
        182.0313        188.8026        207.0950        244.8908        313.3033        425.8053        593.9028        819.8869
       1087.9064       1360.1510       1581.7107       1697.2260       1673.4838       1516.8286       1269.8430        990.8591
        731.6624        524.7128        379.4162        288.7170        237.8186        211.6548        199.2414        194.1191
        193.1681        194.9440        198.4451        202.5185        205.8133        207.0040        205.1802        200.1709
        192.7074        184.3559        177.0751        172.5736        171.7998        174.6786        180.2467        187.1010
        193.8787        199.6107        203.8056        206.4303        207.7852        208.2511        208.0533        207.1647
        205.3369        202.3650        198.4644        194.3404        190.9348        189.0087        188.8623        190.3345
        192.9267        195.9487        198.6211        200.1535        199.9868        198.0401        194.7603        190.9522
        187.5333        185.3112        184.8381        186.2579        189.1876        192.7451        195.7278        197.0520
        196.1712        193.2475        189.0751        184.7601        181.3301        179.4868        179.4617        180.9916
        183.4112        185.8632        187.6048        188.2822        188.0094        187.2308        186.4189        185.8461
        185.6239        185.8431        186.6859        188.3862        191.0148        194.3049        197.6595        200.2873
        201.4461        200.7483        198.4264        195.4489        193.1954        192.7482        194.2853        196.9361
        199.2274        199.9230        198.6063        195.7675        192.4573        189.7508        188.2987        188.0828
        188.4810        188.6400        187.9027        186.1249        183.7975        181.8337        181.0904        181.9231
        183.9960        186.4845        188.5101        189.5679        189.6910        189.2793        188.6903        187.9657
        186.8171        184.8109        181.6553        177.4241        172.6541        168.3165        165.5895        165.4590
        168.3802        174.1356        181.9664        190.9006        200.0203        208.6459        216.5024        223.8980
        231.8269        241.6847        254.4958        269.9942        286.1337        299.5544        306.4142        304.2561
        293.1975        275.8598        255.7667        236.2489        219.4635        206.3638        196.9999        191.0129
        187.8936        187.0978        188.1017        190.3973        193.4350        196.4913        198.7492        199.5703
        198.8219        196.9642        194.9340        193.7625        194.0330        195.5974        197.6579        199.1105
        199.0185        196.9715        193.1784        188.3322        183.3679        179.1342        176.1709        174.6280
        174.3873        175.2757        177.1678        179.9172        183.2705        186.8064        190.0083        192.4962
        194.1959        195.3124        196.1403        196.8479        197.3427        197.3037        196.2991        193.9993
        190.4377        186.1151        181.8637        178.7421        177.5598        178.6419        181.6615        185.7128
        189.5950        192.2897        193.3229        192.8667        191.5402        190.0295        188.8168        188.1232
        187.9886        188.3458        189.0551        189.8888        190.6176        191.1781        191.6841        192.3076
        193.1141        193.9819        194.7010        195.1167        195.1589        194.8232        194.1522        193.1178
        191.5662        189.3264        186.3286        182.6526        178.5496        174.4334        170.8472        168.4166
        167.6881        168.9527        172.1093        176.5947        181.4956        185.8418        188.9086        190.4243
        190.6556        190.2478        189.9666        190.4725        192.1269        194.8299        198.0348        200.9531
        202.8877        203.5361        203.0755        201.9598        200.5770        199.0029        196.9793        194.2216
        190.8071        187.2922        184.5135        183.2347        183.7703        185.8573        188.7992        191.7304
        193.8419        194.5407        193.5592        191.0439        187.5714        183.9993        181.2251        179.9500
        180.4055        182.2459        184.7568        187.1883        188.9986        189.9922        190.2753        190.1032
        189.7508        189.3940        189.0673        188.7281        188.3651        187.9934        187.6565        187.4445
        187.4307        187.5700        187.6436        187.2845        186.1595        184.1886        181.6346        179.0129
        176.9030        175.6912        175.4126        175.7650        176.2349        176.2507        175.3564        173.3391
        170.3103        166.7708        163.5895        161.8051        162.2733        165.3367        170.6488        177.2677
        183.9850        189.7032        193.7397        195.9404        196.5846        196.1357        195.0535        193.7091
        192.3328        191.0610        190.0436        189.4874        189.6194        190.6618        192.7699        195.9580
        200.0262        204.4740        208.5013        211.2194        211.9644        210.5038        207.1164        202.4862
        197.4064        192.4536        187.8924        183.7233        179.8264        176.0945        172.5236        169.2968
        166.7970        165.5766        166.1350        168.6954        173.0687        178.6472        184.5341        189.8186
        193.8280        196.1991        196.8808        196.0838        194.2231        191.8567        189.6002        187.9904
        187.3454        187.6924        188.7880        190.2818        192.0769        194.6808        199.2950        207.6379
        221.4989        242.0813        269.3286        301.4584        335.2088        365.8589        388.3589        398.5592
        394.5786        377.5954        351.3506        320.6749        290.0496        262.7038        240.0207        222.1899
        208.4573        198.0267        190.3487        185.2036        182.5402        182.2290        183.8580        186.7126
        189.9568        192.8454        194.8857        195.8872        195.8931        195.0844        193.7175        192.0698
        190.3350        188.5582        186.6745        184.5911        182.2605        179.7884        177.4949        175.8160
        175.1456        175.6820        177.3544        179.8735        182.8967        186.1568        189.5069        192.8823
        196.2504        199.4844        202.2611        204.1132        204.5677        203.2911        200.1831        195.4404
        189.5386        183.1412        177.0202        171.9601        168.6210        167.3676        168.1706        170.5868
        173.8315        177.0141        179.4270        180.7448        181.0440        180.6859        180.1431        179.8312
        180.0500        181.0191        182.8934        185.7383        189.4572        193.7168        197.9614        201.5402
        203.9054        204.7365        203.9813        201.8773        198.8992        195.6674        192.8706        191.2618
        191.5973        194.4570        200.0410        208.0046        217.3913        226.6955        234.1659        238.2215
        237.9278        233.2848        225.1659        214.9610        204.1639        194.0849        185.7078        179.6463
        176.1312        175.0746        176.0910        178.5421        181.6131        184.4945        186.5709        187.5155
        187.2833        186.0850        184.2803        182.3081        180.6373        179.7043        179.7897        180.8934
        182.6964        184.6320        186.0248        186.3203        185.3330
