XYDATA McStas simulated data for BEER at ESS on duplex sample
  ...
  ...
  ...
INTER   1.0   1.0   0  0
TEMP  300.0
   2808.936        1        1
   2810.808        1        1
   2812.680        1        1
   2814.552        1        1
   2816.424        1        1
   2818.296        1        1
   2820.168        1        1
   2822.040        1        1
   2823.912        1        1
   2825.784        1        1
   2827.656        1        1
   2829.528        1        1
   2831.400        1        1
   2833.272        1        1
   2835.144        1        1
   2837.016        1        1
   2838.888        1        1
   2840.760        1        1
   2842.632        1        1
   2844.504        1        1
   2846.376        1        1
   2848.248        1        1
   2850.120        1        1
   2851.992        1        1
   2853.864        1        1
   2855.736        4        4
   2857.608        8        6
   2859.480       20       10
   2861.352       34       12
   2863.224       19        8
   2865.096       31       11
   2866.968        9        6
   2868.840       15        8
   2870.712        6        4
   2872.584        1        1
   2874.456        1        1
   2876.328        1        1
   2878.200        1        1
   2880.072        1        1
   2881.944        1        1
   2883.816        1        1
   2885.688        1        1
   2887.560        1        1
   2889.432        1        1
   2891.304        1        1
   2893.176        1        1
   2895.048        1        1
   2896.920        1        1
   2898.792        1        1
   2900.664        1        1
   2902.536        1        1
   2904.408        1        1
   2906.280        1        1
   2908.152        1        1
   2910.024        1        1
   2911.896        1        1
   2913.768        2        2
   2915.640        1        1
   2917.512        1        1
   2919.384        2        2
   2921.256       13        5
   2923.128       16        6
   2925.000       12        5
   2926.872       15        5
   2928.744        9        4
   2930.616       20       12
   2932.488        9        5
   2934.360       25       12
   2936.232       37       12
   2938.104       27       10
   2939.976       30       12
   2941.848       22       10
   2943.720        9        7
   2945.592        6        7
   2947.464        1        1
   2949.336        1        1
   2951.208        1        1
   2953.080        1        1
   2954.952        1        1
   2956.824        1        1
   2958.696        1        1
   2960.568        1        1
   2962.440        1        1
   2964.312        1        1
   2966.184        1        1
   2968.056        1        1
   2969.928        1        1
   2971.800        1        1
   2973.672        1        1
   2975.544        1        1
   2977.416        1        1
   2979.288        1        1
   2981.160        1        1
   2983.032        1        1
   2984.904        1        1
   2986.776        1        1
   2988.648        1        1
   2990.520        1        1
   2992.392        1        1
   2994.264        1        1
   2996.136        1        1
   2998.008        1        1
   2999.880        1        1
   3001.752        1        1
   3003.624        1        1
   3005.496        1        1
   3007.368        1        1
   3009.240        1        1
   3011.112        1        1
   3012.984        1        1
   3014.856        1        1
   3016.728        1        1
   3018.600        1        1
   3020.472        1        1
   3022.344        1        1
   3024.216        1        1
   3026.088        1        1
   3027.960        1        1
   3029.832        1        1
   3031.704        1        1
   3033.576        1        1
   3035.448        1        1
   3037.320        1        1
   3039.192        1        1
   3041.064        1        1
   3042.936        1        1
   3044.808        1        1
   3046.680        1        1
   3048.552        1        1
   3050.424        1        1
   3052.296        1        1
   3054.168        1        1
   3056.040        1        1
   3057.912        1        1
   3059.784        1        1
   3061.656        1        1
   3063.528        1        1
   3065.400        1        1
   3067.272        1        1
   3069.144        1        1
   3071.016        1        1
   3072.888        1        1
   3074.760        1        1
   3076.632        1        1
   3078.504        1        1
   3080.376        1        1
   3082.248        1        1
   3084.120        1        1
   3085.992        1        1
   3087.864        1        1
   3089.736        1        1
   3091.608        1        1
   3093.480        1        1
   3095.352        1        1
   3097.224        1        1
   3099.096        1        1
   3100.968        1        1
   3102.840        1        1
   3104.712        1        1
   3106.584        1        1
   3108.456        1        1
   3110.328        1        1
   3112.200        1        1
   3114.072        1        1
   3115.944        1        1
   3117.816        1        1
   3119.688        1        1
   3121.560        1        1
   3123.432        1        1
   3125.304        1        1
   3127.176        1        1
   3129.048        1        1
   3130.920        1        1
   3132.792        1        1
   3134.664        1        1
   3136.536        1        1
   3138.408        1        1
   3140.280        1        1
   3142.152        1        1
   3144.024        1        1
   3145.896        1        1
   3147.768        1        1
   3149.640        1        1
   3151.512        1        1
   3153.384        1        1
   3155.256        1        1
   3157.128        1        1
   3159.000        1        1
   3160.872        1        1
   3162.744        1        1
   3164.616        1        1
   3166.488        1        1
   3168.360        1        1
   3170.232        1        1
   3172.104        1        1
   3173.976        1        1
   3175.848        1        1
   3177.720        1        1
   3179.592        1        1
   3181.464        1        1
   3183.336        1        1
   3185.208        1        1
   3187.080        1        1
   3188.952        1        1
   3190.824        1        1
   3192.696        1        1
   3194.568        5        4
   3196.440       12        5
   3198.312       44       17
   3200.184       64       18
   3202.056      101       24
   3203.928       38       13
   3205.800       94       21
   3207.672       61       17
   3209.544       18        8
   3211.416        9        6
   3213.288        6        6
   3215.160        6        6
   3217.032        1        1
   3218.904        1        1
   3220.776        1        1
   3222.648        1        1
   3224.520        1        1
   3226.392        1        1
   3228.264        1        1
   3230.136        1        1
   3232.008        1        1
   3233.880        1        1
   3235.752        1        1
   3237.624        1        1
   3239.496        1        1
   3241.368        1        1
   3243.240        1        1
   3245.112        1        1
   3246.984        1        1
   3248.856        1        1
   3250.728        1        1
   3252.600        1        1
   3254.472        1        1
   3256.344        1        1
   3258.216        1        1
   3260.088        1        1
   3261.960        1        1
   3263.832        1        1
   3265.704        1        1
   3267.576        1        1
   3269.448        1        1
   3271.320        1        1
   3273.192        1        1
   3275.064        1        1
   3276.936        1        1
   3278.808        1        1
   3280.680        1        1
   3282.552        1        1
   3284.424        1        1
   3286.296        1        1
   3288.168        1        1
   3290.040        1        1
   3291.912        1        1
   3293.784        1        1
   3295.656        1        1
   3297.528        1        1
   3299.400        1        1
   3301.272        1        1
   3303.144        1        1
   3305.016        1        1
   3306.888        1        1
   3308.760        1        1
   3310.632        1        1
   3312.504        1        1
   3314.376        1        1
   3316.248        1        1
   3318.120        1        1
   3319.992        1        1
   3321.864        1        1
   3323.736        1        1
   3325.608        1        1
   3327.480        1        1
   3329.352        1        1
   3331.224        1        1
   3333.096        1        1
   3334.968        1        1
   3336.840        1        1
   3338.712        1        1
   3340.584        1        1
   3342.456        1        1
   3344.328        1        1
   3346.200        1        1
   3348.072        2        1
   3349.944        1        1
   3351.816        1        1
   3353.688        1        1
   3355.560        1        1
   3357.432        1        1
   3359.304        1        1
   3361.176        1        1
   3363.048        1        1
   3364.920        1        1
   3366.792        1        1
   3368.664        1        1
   3370.536        1        1
   3372.408        1        1
   3374.280        1        1
   3376.152        1        1
   3378.024        1        1
   3379.896        1        1
   3381.768        1        1
   3383.640        1        1
   3385.512        1        1
   3387.384        1        1
   3389.256        1        1
   3391.128        1        1
   3393.000        1        1
   3394.872        1        1
   3396.744        1        1
   3398.616        1        1
   3400.488        1        1
   3402.360        1        1
   3404.232        1        1
   3406.104        1        1
   3407.976        1        1
   3409.848        1        1
   3411.720        1        1
   3413.592        1        1
   3415.464        1        1
   3417.336        1        1
   3419.208        1        1
   3421.080        1        1
   3422.952        1        1
   3424.824        1        1
   3426.696        1        1
   3428.568        1        1
   3430.440        1        1
   3432.312        1        1
   3434.184        1        1
   3436.056        1        1
   3437.928        1        1
   3439.800        1        1
   3441.672        1        1
   3443.544        1        1
   3445.416        1        1
   3447.288        1        1
   3449.160        1        1
   3451.032        1        1
   3452.904        1        1
   3454.776        1        1
   3456.648        1        1
   3458.520        1        1
   3460.392        1        1
   3462.264        1        1
   3464.136        1        1
   3466.008        1        1
   3467.880        1        1
   3469.752        1        1
   3471.624        1        1
   3473.496        1        1
   3475.368        1        1
   3477.240        1        1
   3479.112        1        1
   3480.984        1        1
   3482.856        1        1
   3484.728        1        1
   3486.600        1        1
   3488.472        1        1
   3490.344        1        1
   3492.216        1        1
   3494.088        1        1
   3495.960        1        1
   3497.832        1        1
   3499.704        1        1
   3501.576        1        1
   3503.448        1        1
   3505.320        1        1
   3507.192        1        1
   3509.064        1        1
   3510.936        1        1
   3512.808        1        1
   3514.680        1        1
   3516.552        1        1
   3518.424        1        1
   3520.296        1        1
   3522.168        1        1
   3524.040        1        1
   3525.912        1        1
   3527.784        1        1
   3529.656        1        1
   3531.528        1        1
   3533.400        1        1
   3535.272        1        1
   3537.144        1        1
   3539.016        1        1
   3540.888        1        1
   3542.760        1        1
   3544.632        1        1
   3546.504        1        1
   3548.376        1        1
   3550.248        1        1
   3552.120        1        1
   3553.992        1        1
   3555.864        1        1
   3557.736        1        1
   3559.608        1        1
   3561.480        1        1
   3563.352        1        1
   3565.224        1        1
   3567.096        1        1
   3568.968        1        1
   3570.840        3        3
   3572.712       11        6
   3574.584        9        6
   3576.456       20        8
   3578.328       15        7
   3580.200       59       14
   3582.072       65       14
   3583.944       71       17
   3585.816       48       12
   3587.688       25        9
   3589.560       29       10
   3591.432        5        3
   3593.304        2        2
   3595.176        1        1
   3597.048        1        1
   3598.920        1        1
   3600.792        1        1
   3602.664        1        1
   3604.536        1        1
   3606.408        1        1
   3608.280        1        1
   3610.152        1        1
   3612.024        1        1
   3613.896        1        1
   3615.768        1        1
   3617.640        1        1
   3619.512        1        1
   3621.384        1        1
   3623.256        1        1
   3625.128        1        1
   3627.000        1        1
   3628.872        1        1
   3630.744        1        1
   3632.616        1        1
   3634.488        1        1
   3636.360        1        1
   3638.232        1        1
   3640.104        1        1
   3641.976        1        1
   3643.848        1        1
   3645.720        1        1
   3647.592        1        1
   3649.464        1        1
   3651.336        1        1
   3653.208        1        1
   3655.080        1        1
   3656.952        1        1
   3658.824        1        1
   3660.696        1        1
   3662.568        1        1
   3664.440        1        1
   3666.312        1        1
   3668.184        1        1
   3670.056        1        1
   3671.928        1        1
   3673.800        1        1
   3675.672        1        1
   3677.544        1        1
   3679.416        1        1
   3681.288        3        3
   3683.160        4        3
   3685.032        4        4
   3686.904       12        7
   3688.776       37       12
   3690.648       27        9
   3692.520       19        7
   3694.392       39        9
   3696.264       49       11
   3698.136       43        9
   3700.008       26        7
   3701.880       13        7
   3703.752       11        5
   3705.624        9        5
   3707.496        2        2
   3709.368        1        1
   3711.240        1        1
   3713.112        1        1
   3714.984        1        1
   3716.856        1        1
   3718.728        1        1
   3720.600        1        1
   3722.472        1        1
   3724.344        1        1
   3726.216        1        1
   3728.088        1        1
   3729.960        1        1
   3731.832        1        1
   3733.704        1        1
   3735.576        1        1
   3737.448        1        1
   3739.320        1        1
   3741.192        1        1
   3743.064        1        1
   3744.936        1        1
   3746.808        1        1
   3748.680        1        1
   3750.552        1        1
   3752.424        1        1
   3754.296        1        1
   3756.168        1        1
   3758.040        1        1
   3759.912        1        1
   3761.784        1        1
   3763.656        1        1
   3765.528        1        1
   3767.400        1        1
   3769.272        1        1
   3771.144        1        1
   3773.016        1        1
   3774.888        1        1
   3776.760        1        1
   3778.632        1        1
   3780.504        1        1
   3782.376        1        1
   3784.248        1        1
   3786.120        1        1
   3787.992        1        1
   3789.864        1        1
   3791.736        1        1
   3793.608        1        1
   3795.480        1        1
   3797.352        1        1
   3799.224        1        1
   3801.096        1        1
   3802.968        1        1
   3804.840        1        1
   3806.712        1        1
   3808.584        1        1
   3810.456        1        1
   3812.328        1        1
   3814.200        1        1
   3816.072        1        1
   3817.944        1        1
   3819.816        1        1
   3821.688        1        1
   3823.560        1        1
   3825.432        1        1
   3827.304        1        1
   3829.176        1        1
   3831.048        1        1
   3832.920        1        1
   3834.792        1        1
   3836.664        1        1
   3838.536        1        1
   3840.408        1        1
   3842.280        1        1
   3844.152        1        1
   3846.024        1        1
   3847.896        1        1
   3849.768        3        3
   3851.640       35       14
   3853.512      122       29
   3855.384      114       28
   3857.256      185       37
   3859.128      130       30
   3861.000      151       30
   3862.872      151       30
   3864.744       78       21
   3866.616       48       14
   3868.488       46       17
   3870.360        7        8
   3872.232        8        7
   3874.104        1        1
   3875.976        1        1
   3877.848        1        1
   3879.720        8        8
   3881.592        1        1
   3883.464        1        1
   3885.336        1        1
   3887.208        1        1
   3889.080        1        1
   3890.952        1        1
   3892.824        1        1
   3894.696        1        1
   3896.568        1        1
   3898.440        1        1
   3900.312        1        1
   3902.184        1        1
   3904.056        1        1
   3905.928        1        1
   3907.800        1        1
   3909.672        1        1
   3911.544        1        1
   3913.416        1        1
   3915.288        1        1
   3917.160        1        1
   3919.032        1        1
   3920.904        1        1
   3922.776        1        1
   3924.648        1        1
   3926.520        1        1
   3928.392        1        1
   3930.264        1        1
   3932.136        1        1
   3934.008        1        1
   3935.880        1        1
   3937.752        1        1
   3939.624        1        1
   3941.496        1        1
   3943.368        1        1
   3945.240        1        1
   3947.112        1        1
   3948.984        1        1
   3950.856        1        1
   3952.728        1        1
   3954.600        1        1
   3956.472        1        1
   3958.344        1        1
   3960.216        1        1
   3962.088        1        1
   3963.960        1        1
   3965.832        1        1
   3967.704        1        1
   3969.576        1        1
   3971.448        1        1
   3973.320        1        1
   3975.192        1        1
   3977.064        1        1
   3978.936        1        1
   3980.808        1        1
   3982.680        1        1
   3984.552        1        1
   3986.424        1        1
   3988.296        1        1
   3990.168        1        1
   3992.040        1        1
   3993.912        1        1
   3995.784        1        1
   3997.656        1        1
   3999.528        1        1
   4001.400        1        1
   4003.272        1        1
   4005.144        1        1
   4007.016        1        1
   4008.888        1        1
   4010.760        1        1
   4012.632        1        1
   4014.504        1        1
   4016.376        1        1
   4018.248        1        1
   4020.120        1        1
   4021.992        1        1
   4023.864        1        1
   4025.736        1        1
   4027.608        1        1
   4029.480        1        1
   4031.352        1        1
   4033.224        1        1
   4035.096        1        1
   4036.968        1        1
   4038.840        1        1
   4040.712        1        1
   4042.584        1        1
   4044.456        1        1
   4046.328        1        1
   4048.200        1        1
   4050.072        1        1
   4051.944        1        1
   4053.816        1        1
   4055.688        1        1
   4057.560        1        1
   4059.432        1        1
   4061.304        1        1
   4063.176        1        1
   4065.048        1        1
   4066.920        1        1
   4068.792        1        1
   4070.664        1        1
   4072.536        1        1
   4074.408        1        1
   4076.280        1        1
   4078.152        1        1
   4080.024        1        1
   4081.896        1        1
   4083.768        1        1
   4085.640        1        1
   4087.512        1        1
   4089.384        1        1
   4091.256        1        1
   4093.128        1        1
   4095.000        1        1
   4096.872        1        1
   4098.744        1        1
   4100.616        1        1
   4102.488        1        1
   4104.360        1        1
   4106.232        1        1
   4108.104        1        1
   4109.976        1        1
   4111.848        1        1
   4113.720        1        1
   4115.592        1        1
   4117.464        1        1
   4119.336        6        7
   4121.208        1        1
   4123.080        5        6
   4124.952       17        8
   4126.824       84       24
   4128.696      111       28
   4130.568      132       29
   4132.440      152       26
   4134.312      247       40
   4136.184      213       33
   4138.056      227       38
   4139.928      147       28
   4141.800      171       31
   4143.672       94       22
   4145.544       39       15
   4147.416       52       18
   4149.288        6        4
   4151.160       17       12
   4153.032        1        1
   4154.904        1        1
   4156.776        1        1
   4158.648        1        1
   4160.520        1        1
   4162.392        1        1
   4164.264        1        1
   4166.136        1        1
   4168.008        1        1
   4169.880        1        1
   4171.752        1        1
   4173.624        1        1
   4175.496        1        1
   4177.368        1        1
   4179.240        1        1
   4181.112        1        1
   4182.984        1        1
   4184.856        1        1
   4186.728        1        1
   4188.600        1        1
   4190.472        1        1
   4192.344        1        1
   4194.216        1        1
   4196.088        1        1
   4197.960        1        1
   4199.832        1        1
   4201.704        1        1
   4203.576        1        1
   4205.448        1        1
   4207.320        1        1
   4209.192        1        1
   4211.064        1        1
   4212.936        1        1
   4214.808        1        1
   4216.680        1        1
   4218.552        1        1
   4220.424        1        1
   4222.296        1        1
   4224.168        1        1
   4226.040        1        1
   4227.912        1        1
   4229.784        1        1
   4231.656        1        1
   4233.528        1        1
   4235.400        1        1
   4237.272        1        1
   4239.144        1        1
   4241.016        1        1
   4242.888        1        1
   4244.760        1        1
   4246.632        1        1
   4248.504        1        1
   4250.376        1        1
   4252.248        1        1
   4254.120        1        1
   4255.992        1        1
   4257.864        1        1
   4259.736        1        1
   4261.608        1        1
   4263.480        1        1
   4265.352        1        1
   4267.224        1        1
   4269.096        1        1
   4270.968        1        1
   4272.840        1        1
   4274.712        1        1
   4276.584        1        1
   4278.456        1        1
   4280.328        1        1
   4282.200        1        1
   4284.072        1        1
   4285.944        1        1
   4287.816        1        1
   4289.688        1        1
   4291.560        1        1
   4293.432        1        1
   4295.304        1        1
   4297.176        1        1
   4299.048        1        1
   4300.920        1        1
   4302.792        1        1
   4304.664        1        1
   4306.536        1        1
   4308.408        1        1
   4310.280        1        1
   4312.152        1        1
   4314.024        1        1
   4315.896        1        1
   4317.768        1        1
   4319.640        1        1
   4321.512        1        1
   4323.384        1        1
   4325.256        1        1
   4327.128        1        1
   4329.000        1        1
   4330.872        1        1
   4332.744        1        1
   4334.616        1        1
   4336.488        1        1
   4338.360        1        1
   4340.232        1        1
   4342.104        1        1
   4343.976        1        1
   4345.848        1        1
   4347.720        1        1
   4349.592        1        1
   4351.464        1        1
   4353.336        1        1
   4355.208        1        1
   4357.080        1        1
   4358.952        1        1
   4360.824        1        1
   4362.696        1        1
   4364.568        1        1
   4366.440        1        1
   4368.312        1        1
   4370.184        1        1
   4372.056        1        1
   4373.928        1        1
   4375.800        1        1
   4377.672        1        1
   4379.544        1        1
   4381.416        1        1
   4383.288        1        1
   4385.160        1        1
   4387.032        1        1
   4388.904        1        1
   4390.776        1        1
   4392.648        1        1
   4394.520        1        1
   4396.392        1        1
   4398.264        1        1
   4400.136        1        1
   4402.008        1        1
   4403.880        1        1
   4405.752        1        1
   4407.624        1        1
   4409.496        1        1
   4411.368        1        1
   4413.240        1        1
   4415.112        1        1
   4416.984        1        1
   4418.856        1        1
   4420.728        1        1
   4422.600        1        1
   4424.472        1        1
   4426.344        1        1
   4428.216        1        1
   4430.088        1        1
   4431.960        1        1
   4433.832        1        1
   4435.704        1        1
   4437.576        1        1
   4439.448        1        1
   4441.320        1        1
   4443.192        1        1
   4445.064        1        1
   4446.936        1        1
   4448.808        1        1
   4450.680        1        1
   4452.552        1        1
   4454.424        1        1
   4456.296        1        1
   4458.168        1        1
   4460.040        1        1
   4461.912        1        1
   4463.784        1        1
   4465.656        1        1
   4467.528        1        1
   4469.400        1        1
   4471.272        1        1
   4473.144        1        1
   4475.016        1        1
   4476.888        1        1
   4478.760        1        1
   4480.632        1        1
   4482.504        1        1
   4484.376        1        1
   4486.248        1        1
   4488.120        1        1
   4489.992        1        1
   4491.864        1        1
   4493.736        1        1
   4495.608        1        1
   4497.480        1        1
   4499.352        1        1
   4501.224        1        1
   4503.096        1        1
   4504.968        1        1
   4506.840        1        1
   4508.712        2        2
   4510.584        1        1
   4512.456       14        7
   4514.328       18        8
   4516.200       30       10
   4518.072       44       11
   4519.944       79       16
   4521.816       88       15
   4523.688      107       18
   4525.560      117       18
   4527.432      148       20
   4529.304      141       19
   4531.176       99       16
   4533.048       77       14
   4534.920       66       14
   4536.792       25        7
   4538.664       14        5
   4540.536        9        4
   4542.408        1        1
   4544.280        3        3
   4546.152        1        1
   4548.024        1        1
   4549.896        1        1
   4551.768        1        1
   4553.640        1        1
   4555.512        1        1
   4557.384        1        1
   4559.256        1        1
   4561.128        1        1
   4563.000        1        1
   4564.872        1        1
   4566.744        1        1
   4568.616        1        1
   4570.488        1        1
   4572.360        1        1
   4574.232        1        1
   4576.104        1        1
   4577.976        1        1
   4579.848        1        1
   4581.720        1        1
   4583.592        1        1
   4585.464        1        1
   4587.336        1        1
   4589.208        1        1
   4591.080        1        1
   4592.952        1        1
   4594.824        1        1
   4596.696        1        1
   4598.568        1        1
   4600.440        1        1
   4602.312        1        1
   4604.184        1        1
   4606.056        1        1
   4607.928        1        1
   4609.800        1        1
   4611.672        1        1
   4613.544        1        1
   4615.416        1        1
   4617.288        1        1
   4619.160        1        1
   4621.032        1        1
   4622.904        1        1
   4624.776        1        1
   4626.648        1        1
   4628.520        1        1
   4630.392        1        1
   4632.264        1        1
   4634.136        1        1
   4636.008        1        1
   4637.880        1        1
   4639.752        1        1
   4641.624        1        1
   4643.496        1        1
   4645.368        1        1
   4647.240        1        1
   4649.112        1        1
   4650.984        1        1
   4652.856        1        1
   4654.728        1        1
   4656.600        1        1
   4658.472        1        1
   4660.344        1        1
   4662.216        1        1
   4664.088        1        1
   4665.960        1        1
   4667.832        1        1
   4669.704        1        1
   4671.576        1        1
   4673.448        1        1
   4675.320        1        1
   4677.192        1        1
   4679.064        1        1
   4680.936        1        1
   4682.808        1        1
   4684.680        1        1
   4686.552        1        1
   4688.424        1        1
   4690.296        1        1
   4692.168        1        1
   4694.040        1        1
   4695.912        1        1
   4697.784        1        1
   4699.656        1        1
   4701.528        1        1
   4703.400        1        1
   4705.272        1        1
   4707.144        1        1
   4709.016        1        1
   4710.888        1        1
   4712.760        1        1
   4714.632        1        1
   4716.504        1        1
   4718.376        1        1
   4720.248        1        1
   4722.120        1        1
   4723.992        1        1
   4725.864        1        1
   4727.736        1        1
   4729.608        1        1
   4731.480        1        1
   4733.352        1        1
   4735.224        1        1
   4737.096        1        1
   4738.968        1        1
   4740.840        1        1
   4742.712        1        1
   4744.584        1        1
   4746.456        1        1
   4748.328        1        1
   4750.200        1        1
   4752.072        1        1
   4753.944        1        1
   4755.816        1        1
   4757.688        1        1
   4759.560        1        1
   4761.432        1        1
   4763.304        1        1
   4765.176        1        1
   4767.048        1        1
   4768.920        1        1
   4770.792        1        1
   4772.664        1        1
   4774.536        1        1
   4776.408        1        1
   4778.280        1        1
   4780.152        1        1
   4782.024        1        1
   4783.896        1        1
   4785.768        1        1
   4787.640        1        1
   4789.512        1        1
   4791.384        1        1
   4793.256        1        1
   4795.128        1        1
   4797.000        1        1
   4798.872        1        1
   4800.744        1        1
   4802.616        1        1
   4804.488        1        1
   4806.360        1        1
   4808.232        1        1
   4810.104        1        1
   4811.976        1        1
   4813.848        1        1
   4815.720        1        1
   4817.592        1        1
   4819.464        1        1
   4821.336        1        1
   4823.208        1        1
   4825.080        1        1
   4826.952        1        1
   4828.824        1        1
   4830.696        1        1
   4832.568        1        1
   4834.440        1        1
   4836.312        1        1
   4838.184        1        1
   4840.056        1        1
   4841.928        1        1
   4843.800        1        1
   4845.672        1        1
   4847.544        1        1
   4849.416        1        1
   4851.288        1        1
   4853.160        1        1
   4855.032        1        1
   4856.904        1        1
   4858.776        1        1
   4860.648        1        1
   4862.520        1        1
   4864.392        1        1
   4866.264        1        1
   4868.136        1        1
   4870.008        1        1
   4871.880        1        1
   4873.752        1        1
   4875.624        1        1
   4877.496        1        1
   4879.368        1        1
   4881.240        1        1
   4883.112        1        1
   4884.984        1        1
   4886.856        1        1
   4888.728        1        1
   4890.600        1        1
   4892.472        1        1
   4894.344        1        1
   4896.216        1        1
   4898.088        1        1
   4899.960        1        1
   4901.832        1        1
   4903.704        1        1
   4905.576        1        1
   4907.448        1        1
   4909.320        1        1
   4911.192        1        1
   4913.064        1        1
   4914.936        1        1
   4916.808        1        1
   4918.680        1        1
   4920.552        1        1
   4922.424        1        1
   4924.296        1        1
   4926.168        1        1
   4928.040        1        1
   4929.912        1        1
   4931.784        1        1
   4933.656        1        1
   4935.528        1        1
   4937.400        1        1
   4939.272        1        1
   4941.144        1        1
   4943.016        1        1
   4944.888        1        1
   4946.760        1        1
   4948.632        1        1
   4950.504        1        1
   4952.376        1        1
   4954.248        1        1
   4956.120        1        1
   4957.992        1        1
   4959.864        1        1
   4961.736        1        1
   4963.608        1        1
   4965.480        1        1
   4967.352        1        1
   4969.224        1        1
   4971.096        1        1
   4972.968        1        1
   4974.840        1        1
   4976.712        1        1
   4978.584        1        1
   4980.456        1        1
   4982.328        1        1
   4984.200        1        1
   4986.072        1        1
   4987.944        1        1
   4989.816        1        1
   4991.688        1        1
   4993.560        1        1
   4995.432        1        1
   4997.304        1        1
   4999.176        1        1
   5001.048        1        1
   5002.920        1        1
   5004.792        1        1
   5006.664        1        1
   5008.536        1        1
   5010.408        1        1
   5012.280        1        1
   5014.152        1        1
   5016.024        1        1
   5017.896        1        1
   5019.768        1        1
   5021.640        1        1
   5023.512        1        1
   5025.384        1        1
   5027.256        1        1
   5029.128        1        1
   5031.000        1        1
   5032.872        1        1
   5034.744        1        1
   5036.616        1        1
   5038.488        1        1
   5040.360        1        1
   5042.232        1        1
   5044.104        1        1
   5045.976        3        2
   5047.848        7        4
   5049.720       20        7
   5051.592        7        4
   5053.464       33        8
   5055.336       46        9
   5057.208       55       10
   5059.080       84       12
   5060.952       92       12
   5062.824      109       14
   5064.696      131       15
   5066.568      117       14
   5068.440      120       14
   5070.312      103       13
   5072.184       65       10
   5074.056       56       10
   5075.928       39        8
   5077.800       24        6
   5079.672       18        6
   5081.544        8        3
   5083.416        5        2
   5085.288        1        1
   5087.160        3        3
   5089.032        2        2
   5090.904        1        1
   5092.776        1        1
   5094.648        1        1
   5096.520        1        1
   5098.392        1        1
   5100.264        1        1
   5102.136        1        1
   5104.008        1        1
   5105.880        1        1
   5107.752        1        1
   5109.624        1        1
   5111.496        1        1
   5113.368        1        1
   5115.240        1        1
   5117.112        1        1
   5118.984        1        1
   5120.856        1        1
   5122.728        1        1
   5124.600        1        1
   5126.472        1        1
   5128.344        1        1
   5130.216        1        1
   5132.088        1        1
   5133.960        1        1
   5135.832        1        1
   5137.704        1        1
   5139.576        1        1
   5141.448        1        1
   5143.320        1        1
   5145.192        1        1
   5147.064        1        1
   5148.936        1        1
   5150.808        1        1
   5152.680        1        1
   5154.552        1        1
   5156.424        1        1
   5158.296        1        1
   5160.168        1        1
   5162.040        1        1
   5163.912        1        1
   5165.784        1        1
   5167.656        1        1
   5169.528        1        1
   5171.400        1        1
   5173.272        1        1
   5175.144        1        1
   5177.016        1        1
   5178.888        1        1
   5180.760        1        1
   5182.632        1        1
   5184.504        1        1
   5186.376        1        1
   5188.248        1        1
   5190.120        1        1
   5191.992        1        1
   5193.864        1        1
   5195.736        1        1
   5197.608        1        1
   5199.480        1        1
   5201.352        1        1
   5203.224        1        1
   5205.096        1        1
   5206.968        1        1
   5208.840        1        1
   5210.712        1        1
   5212.584        1        1
   5214.456        1        1
   5216.328        1        1
   5218.200        1        1
   5220.072        1        1
   5221.944        1        1
   5223.816        1        1
   5225.688        1        1
   5227.560        1        1
   5229.432        1        1
   5231.304        1        1
   5233.176        1        1
   5235.048        1        1
   5236.920        1        1
   5238.792        1        1
   5240.664        1        1
   5242.536        1        1
   5244.408        1        1
   5246.280        1        1
   5248.152        1        1
   5250.024        1        1
   5251.896        1        1
   5253.768        1        1
   5255.640        1        1
   5257.512        1        1
   5259.384        1        1
   5261.256        1        1
   5263.128        1        1
   5265.000        1        1
   5266.872        1        1
   5268.744        1        1
   5270.616        1        1
   5272.488        1        1
   5274.360        1        1
   5276.232        1        1
   5278.104        1        1
   5279.976        1        1
   5281.848        1        1
   5283.720        1        1
   5285.592        1        1
   5287.464        1        1
   5289.336        1        1
   5291.208        1        1
   5293.080        1        1
   5294.952        1        1
   5296.824        1        1
   5298.696        1        1
   5300.568        1        1
   5302.440        1        1
   5304.312        1        1
   5306.184        1        1
   5308.056        1        1
   5309.928        1        1
   5311.800        1        1
   5313.672        1        1
   5315.544        1        1
   5317.416        1        1
   5319.288        1        1
   5321.160        1        1
   5323.032        1        1
   5324.904        1        1
   5326.776        1        1
   5328.648        1        1
   5330.520        1        1
   5332.392        1        1
   5334.264        1        1
   5336.136        1        1
   5338.008        1        1
   5339.880        1        1
   5341.752        1        1
   5343.624        1        1
   5345.496        1        1
   5347.368        1        1
   5349.240        1        1
   5351.112        1        1
   5352.984        1        1
   5354.856        1        1
   5356.728        1        1
   5358.600        1        1
   5360.472        1        1
   5362.344        1        1
   5364.216        1        1
   5366.088        1        1
   5367.960        1        1
   5369.832        1        1
   5371.704        1        1
   5373.576        1        1
   5375.448        1        1
   5377.320        1        1
   5379.192        1        1
   5381.064        1        1
   5382.936        1        1
   5384.808        1        1
   5386.680        1        1
   5388.552        1        1
   5390.424        1        1
   5392.296        1        1
   5394.168        1        1
   5396.040        1        1
   5397.912        1        1
   5399.784        1        1
   5401.656        1        1
   5403.528        1        1
   5405.400        1        1
   5407.272        1        1
   5409.144        1        1
   5411.016        1        1
   5412.888        1        1
   5414.760        1        1
   5416.632        1        1
   5418.504        1        1
   5420.376        1        1
   5422.248        1        1
   5424.120        1        1
   5425.992        1        1
   5427.864        1        1
   5429.736        1        1
   5431.608        1        1
   5433.480        1        1
   5435.352        1        1
   5437.224        1        1
   5439.096        1        1
   5440.968        1        1
   5442.840        1        1
   5444.712        1        1
   5446.584        1        1
   5448.456        1        1
   5450.328        1        1
   5452.200        1        1
   5454.072        1        1
   5455.944        1        1
   5457.816        1        1
   5459.688        1        1
   5461.560        1        1
   5463.432        1        1
   5465.304        1        1
   5467.176        1        1
   5469.048        1        1
   5470.920        1        1
   5472.792        1        1
   5474.664        1        1
   5476.536        1        1
   5478.408        1        1
   5480.280        1        1
   5482.152        1        1
   5484.024        1        1
   5485.896        1        1
   5487.768        1        1
   5489.640        1        1
   5491.512        1        1
   5493.384        1        1
   5495.256        1        1
   5497.128        1        1
   5499.000        1        1
   5500.872        1        1
   5502.744        1        1
   5504.616        1        1
   5506.488        1        1
   5508.360        1        1
   5510.232        1        1
   5512.104        1        1
   5513.976        1        1
   5515.848        1        1
   5517.720        1        1
   5519.592        1        1
   5521.464        1        1
   5523.336        1        1
   5525.208        1        1
   5527.080        1        1
   5528.952        1        1
   5530.824        1        1
   5532.696        1        1
   5534.568        1        1
   5536.440        1        1
   5538.312        1        1
   5540.184        1        1
   5542.056        1        1
   5543.928        1        1
   5545.800        1        1
   5547.672        1        1
   5549.544        1        1
   5551.416        1        1
   5553.288        1        1
   5555.160        1        1
   5557.032        1        1
   5558.904        1        1
   5560.776        1        1
   5562.648        1        1
   5564.520        1        1
   5566.392        1        1
   5568.264        1        1
   5570.136        1        1
   5572.008        1        1
   5573.880        1        1
   5575.752        1        1
   5577.624        1        1
   5579.496        1        1
   5581.368        1        1
   5583.240        1        1
   5585.112        1        1
   5586.984        1        1
   5588.856        2        1
   5590.728        1        1
   5592.600        1        1
   5594.472        1        1
   5596.344        1        1
   5598.216        1        1
   5600.088        1        1
   5601.960        1        1
   5603.832        1        1
   5605.704        1        1
   5607.576        1        1
   5609.448        1        1
   5611.320        1        1
   5613.192        1        1
   5615.064        1        1
   5616.936        1        1
   5618.808        1        1
   5620.680        1        1
   5622.552        1        1
   5624.424        1        1
   5626.296        1        1
   5628.168        1        1
   5630.040        1        1
   5631.912        1        1
   5633.784        1        1
   5635.656        1        1
   5637.528        1        1
   5639.400        1        1
   5641.272        1        1
   5643.144        1        1
   5645.016        1        1
   5646.888        1        1
   5648.760        1        1
   5650.632        1        1
   5652.504        1        1
   5654.376        1        1
   5656.248        1        1
   5658.120        1        1
   5659.992        1        1
   5661.864        1        1
   5663.736        1        1
   5665.608        1        1
   5667.480        1        1
   5669.352        1        1
   5671.224        1        1
   5673.096        1        1
   5674.968        1        1
   5676.840        1        1
   5678.712        1        1
   5680.584        1        1
   5682.456        1        1
   5684.328        1        1
   5686.200        1        1
   5688.072        1        1
   5689.944        1        1
   5691.816        1        1
   5693.688        1        1
   5695.560        1        1
   5697.432        1        1
   5699.304        1        1
   5701.176        1        1
   5703.048        1        1
   5704.920        1        1
   5706.792        1        1
   5708.664        1        1
   5710.536        1        1
   5712.408        1        1
   5714.280        1        1
   5716.152        1        1
   5718.024        1        1
   5719.896        1        1
   5721.768        1        1
   5723.640        1        1
   5725.512        1        1
   5727.384        1        1
   5729.256        1        1
   5731.128        1        1
   5733.000        1        1
   5734.872        1        1
   5736.744        1        1
   5738.616        1        1
   5740.488        1        1
   5742.360        1        1
   5744.232        1        1
   5746.104        1        1
   5747.976        1        1
   5749.848        1        1
   5751.720        1        1
   5753.592        1        1
   5755.464        1        1
   5757.336        1        1
   5759.208        1        1
   5761.080        1        1
   5762.952        1        1
   5764.824        1        1
   5766.696        1        1
   5768.568        1        1
   5770.440        1        1
   5772.312        1        1
   5774.184        1        1
   5776.056        1        1
   5777.928        1        1
   5779.800        1        1
   5781.672        1        1
   5783.544        1        1
   5785.416        1        1
   5787.288        1        1
   5789.160        1        1
   5791.032        1        1
   5792.904        1        1
   5794.776        1        1
   5796.648        1        1
   5798.520        1        1
   5800.392        1        1
   5802.264        1        1
   5804.136        1        1
   5806.008        1        1
   5807.880        1        1
   5809.752        1        1
   5811.624        1        1
   5813.496        1        1
   5815.368        1        1
   5817.240        1        1
   5819.112        1        1
   5820.984        1        1
   5822.856        1        1
   5824.728        1        1
   5826.600        1        1
   5828.472        1        1
   5830.344        1        1
   5832.216        1        1
   5834.088        1        1
   5835.960        1        1
   5837.832        1        1
   5839.704        1        1
   5841.576        1        1
   5843.448        1        1
   5845.320        2        1
   5847.192        1        1
   5849.064        1        1
   5850.936        1        1
   5852.808        1        1
   5854.680        1        1
   5856.552        1        1
   5858.424        1        1
   5860.296        1        1
   5862.168        1        1
   5864.040        1        1
   5865.912        1        1
   5867.784        1        1
   5869.656        1        1
   5871.528        1        1
   5873.400        1        1
   5875.272        1        1
   5877.144        1        1
   5879.016        1        1
   5880.888        1        1
   5882.760        1        1
   5884.632        1        1
   5886.504        1        1
   5888.376        1        1
   5890.248        1        1
   5892.120        1        1
   5893.992        1        1
   5895.864        1        1
   5897.736        1        1
   5899.608        1        1
   5901.480        1        1
   5903.352        1        1
   5905.224        1        1
   5907.096        1        1
   5908.968        1        1
   5910.840        1        1
   5912.712        1        1
   5914.584        1        1
   5916.456        1        1
   5918.328        1        1
   5920.200        1        1
   5922.072        1        1
   5923.944        1        1
   5925.816        1        1
   5927.688        1        1
   5929.560        1        1
   5931.432        2        1
   5933.304        1        1
   5935.176        1        1
   5937.048        1        1
   5938.920        1        1
   5940.792        1        1
   5942.664        1        1
   5944.536        1        1
   5946.408        1        1
   5948.280        2        1
   5950.152        1        1
   5952.024        1        1
   5953.896        1        1
   5955.768        1        1
   5957.640        1        1
   5959.512        1        1
   5961.384        1        1
   5963.256        1        1
   5965.128        1        1
   5967.000        1        1
   5968.872        1        1
   5970.744        1        1
   5972.616        1        1
   5974.488        1        1
   5976.360        1        1
   5978.232        1        1
   5980.104        1        1
   5981.976        1        1
   5983.848        1        1
   5985.720        1        1
   5987.592        1        1
   5989.464        1        1
   5991.336        1        1
   5993.208        1        1
   5995.080        1        1
   5996.952        1        1
   5998.824        1        1
   6000.696        1        1
   6002.568        1        1
   6004.440        1        1
   6006.312        1        1
   6008.184        1        1
   6010.056        1        1
   6011.928        1        1
   6013.800        1        1
   6015.672        1        1
   6017.544        1        1
   6019.416        1        1
   6021.288        1        1
   6023.160        1        1
   6025.032        1        1
   6026.904        1        1
   6028.776        1        1
   6030.648        1        1
   6032.520        1        1
   6034.392        1        1
   6036.264        1        1
   6038.136        1        1
   6040.008        1        1
   6041.880        1        1
   6043.752        1        1
   6045.624        1        1
   6047.496        1        1
   6049.368        1        1
   6051.240        1        1
   6053.112        1        1
   6054.984        1        1
   6056.856        1        1
   6058.728        1        1
   6060.600        1        1
   6062.472        1        1
   6064.344        1        1
   6066.216        1        1
   6068.088        1        1
   6069.960        1        1
   6071.832        1        1
   6073.704        1        1
   6075.576        1        1
   6077.448        1        1
   6079.320        1        1
   6081.192        1        1
   6083.064        1        1
   6084.936        1        1
   6086.808        1        1
   6088.680        1        1
   6090.552        1        1
   6092.424        1        1
   6094.296        1        1
   6096.168        1        1
   6098.040        1        1
   6099.912        1        1
   6101.784        1        1
   6103.656        1        1
   6105.528        1        1
   6107.400        1        1
   6109.272        1        1
   6111.144        1        1
   6113.016        1        1
   6114.888        1        1
   6116.760        1        1
   6118.632        1        1
   6120.504        1        1
   6122.376        1        1
   6124.248        1        1
   6126.120        1        1
   6127.992        1        1
   6129.864        1        1
   6131.736        1        1
   6133.608        1        1
   6135.480        1        1
   6137.352        1        1
   6139.224        1        1
   6141.096        1        1
   6142.968        1        1
   6144.840        1        2
   6146.712        1        1
   6148.584        1        1
   6150.456        1        1
   6152.328        1        1
   6154.200        1        1
   6156.072        1        1
   6157.944        1        1
   6159.816        1        1
   6161.688        1        1
   6163.560        1        1
   6165.432        1        1
   6167.304        1        1
   6169.176        1        1
   6171.048        1        1
   6172.920        2        1
   6174.792        1        1
   6176.664        1        1
   6178.536        1        1
   6180.408        1        1
   6182.280        1        1
   6184.152        1        1
   6186.024        1        1
   6187.896        1        1
   6189.768        1        1
   6191.640        1        1
   6193.512        1        1
   6195.384        1        1
   6197.256        1        1
   6199.128        1        1
   6201.000        1        1
   6202.872        1        1
   6204.744        1        1
   6206.616        1        1
   6208.488        1        1
   6210.360        1        1
   6212.232        1        1
   6214.104        1        1
   6215.976        1        1
   6217.848        1        1
   6219.720        1        1
   6221.592        1        1
   6223.464        1        1
   6225.336        1        1
   6227.208        1        1
   6229.080        1        1
   6230.952        1        1
   6232.824        1        1
   6234.696        1        1
   6236.568        1        1
   6238.440        2        1
   6240.312        1        1
   6242.184        1        1
   6244.056        1        1
   6245.928        1        1
   6247.800        1        1
   6249.672        1        1
   6251.544        1        1
   6253.416        1        1
   6255.288        2        1
   6257.160        1        1
   6259.032        1        1
   6260.904        1        1
   6262.776        1        1
   6264.648        1        1
   6266.520        1        1
   6268.392        1        1
   6270.264        1        1
   6272.136        1        1
   6274.008        1        1
   6275.880        1        1
   6277.752        1        1
   6279.624        1        1
   6281.496        1        1
   6283.368        1        1
   6285.240        1        1
   6287.112        1        1
   6288.984        1        1
   6290.856        1        1
   6292.728        1        1
   6294.600        1        1
   6296.472        1        1
   6298.344        1        1
   6300.216        1        1
   6302.088        1        1
   6303.960        1        1
   6305.832        1        1
   6307.704        1        1
   6309.576        1        1
   6311.448        1        1
   6313.320        1        1
   6315.192        1        1
   6317.064        1        1
   6318.936        1        1
   6320.808        1        1
   6322.680        1        1
   6324.552        1        1
   6326.424        1        1
   6328.296        1        1
   6330.168        1        1
   6332.040        1        1
   6333.912        1        1
   6335.784        1        1
   6337.656        1        1
   6339.528        1        1
   6341.400        1        1
   6343.272        1        1
   6345.144        1        1
   6347.016        1        1
   6348.888        1        1
   6350.760        1        1
   6352.632        1        1
   6354.504        1        1
   6356.376        1        1
   6358.248        1        1
   6360.120        1        1
   6361.992        1        1
   6363.864        1        1
   6365.736        1        1
   6367.608        1        1
   6369.480        1        1
   6371.352        1        1
   6373.224        3        2
   6375.096        4        3
   6376.968        3        2
   6378.840        7        4
   6380.712       27       10
   6382.584       44       13
   6384.456       92       19
   6386.328      110       20
   6388.200      146       22
   6390.072      177       22
   6391.944      261       28
   6393.816      304       31
   6395.688      452       38
   6397.560      413       34
   6399.432      512       41
   6401.304      415       36
   6403.176      444       39
   6405.048      387       34
   6406.920      429       38
   6408.792      350       34
   6410.664      208       26
   6412.536      192       24
   6414.408      156       21
   6416.280      101       16
   6418.152       62       15
   6420.024       46       11
   6421.896       30        9
   6423.768        9        7
   6425.640       12        7
   6427.512        1        1
   6429.384        1        1
   6431.256        1        1
   6433.128        1        1
   6435.000        1        1
   6436.872        1        1
   6438.744        1        1
   6440.616        1        1
   6442.488        1        1
   6444.360        1        1
   6446.232        1        1
   6448.104        1        1
   6449.976        1        1
   6451.848        1        1
   6453.720        1        1
   6455.592        1        1
   6457.464        1        1
   6459.336        1        1
   6461.208        1        1
   6463.080        1        1
   6464.952        1        1
   6466.824        1        1
   6468.696        1        1
   6470.568        1        1
   6472.440        1        1
   6474.312        1        1
   6476.184        1        1
   6478.056        1        1
   6479.928        1        1
   6481.800        2        1
   6483.672        1        1
   6485.544        1        1
   6487.416        1        1
   6489.288        1        1
   6491.160        1        1
   6493.032        1        1
   6494.904        1        1
   6496.776        1        1
   6498.648        1        1
   6500.520        1        1
   6502.392        1        1
   6504.264        1        1
   6506.136        1        1
   6508.008        1        1
   6509.880        1        1
   6511.752        1        1
   6513.624        1        1
   6515.496        1        1
   6517.368        1        1
   6519.240        1        1
   6521.112        1        1
   6522.984        1        1
   6524.856        1        1
   6526.728        1        1
   6528.600        1        1
   6530.472        1        1
   6532.344        1        1
   6534.216        1        1
   6536.088        1        1
   6537.960        1        1
   6539.832        1        1
   6541.704        1        1
   6543.576        1        1
   6545.448        1        1
   6547.320        1        1
   6549.192        1        1
   6551.064        1        1
   6552.936        1        1
   6554.808        1        1
   6556.680        1        1
   6558.552        1        1
   6560.424        1        1
   6562.296        1        1
   6564.168        1        1
   6566.040        1        1
   6567.912        1        1
   6569.784        1        1
   6571.656        1        1
   6573.528        1        1
   6575.400        1        1
   6577.272        1        1
   6579.144        1        1
   6581.016        1        1
   6582.888        1        1
   6584.760        1        1
   6586.632        1        1
   6588.504        1        1
   6590.376        1        1
   6592.248        1        1
   6594.120        1        1
   6595.992        1        1
   6597.864        1        1
   6599.736        1        1
   6601.608        1        1
   6603.480        1        1
   6605.352        1        1
   6607.224        1        1
   6609.096        1        1
   6610.968        1        1
   6612.840        1        1
   6614.712        1        1
   6616.584        1        1
   6618.456        1        1
   6620.328        1        1
   6622.200        1        1
   6624.072        1        1
   6625.944        1        1
   6627.816        2        1
   6629.688        1        1
   6631.560        1        1
   6633.432        1        1
   6635.304        1        1
   6637.176        1        1
   6639.048        1        1
   6640.920        1        1
   6642.792        1        1
   6644.664        1        1
   6646.536        1        1
   6648.408        1        1
   6650.280        1        1
   6652.152        1        1
   6654.024        1        1
   6655.896        1        1
   6657.768        1        1
   6659.640        1        1
   6661.512        1        1
   6663.384        1        1
   6665.256        1        1
   6667.128        1        1
   6669.000        1        1
   6670.872        1        1
   6672.744        1        1
   6674.616        1        1
   6676.488        1        1
   6678.360        1        1
   6680.232        1        1
   6682.104        1        1
   6683.976        1        1
   6685.848        1        1
   6687.720        1        1
   6689.592        1        1
   6691.464        1        1
   6693.336        1        1
   6695.208        1        1
   6697.080        1        1
   6698.952        1        1
   6700.824        1        1
   6702.696        1        1
   6704.568        1        1
   6706.440        1        1
   6708.312        1        1
   6710.184        1        1
   6712.056        1        1
   6713.928        1        1
   6715.800        1        1
   6717.672        1        1
   6719.544        1        1
   6721.416        1        1
   6723.288        1        1
   6725.160        1        1
   6727.032        1        1
   6728.904        1        1
   6730.776        1        1
   6732.648        1        1
   6734.520        1        1
   6736.392        1        1
   6738.264        1        1
   6740.136        1        1
   6742.008        1        1
   6743.880        1        1
   6745.752        1        1
   6747.624        1        1
   6749.496        1        1
   6751.368        1        1
   6753.240        1        1
   6755.112        1        1
   6756.984        1        1
   6758.856        1        1
   6760.728        1        1
   6762.600        1        1
   6764.472        1        1
   6766.344        1        1
   6768.216        1        1
   6770.088        1        1
   6771.960        1        1
   6773.832        1        1
   6775.704        1        1
   6777.576        1        1
   6779.448        1        1
   6781.320        1        1
   6783.192        1        1
   6785.064        1        1
   6786.936        1        1
   6788.808        1        1
   6790.680        1        1
   6792.552        1        1
   6794.424        1        1
   6796.296        1        1
   6798.168        1        1
   6800.040        1        1
   6801.912        1        1
   6803.784        1        1
   6805.656        1        1
   6807.528        1        1
   6809.400        1        1
   6811.272        1        1
   6813.144        1        1
   6815.016        1        1
   6816.888        1        1
   6818.760        1        1
   6820.632        1        1
   6822.504        1        1
   6824.376        1        1
   6826.248        1        1
   6828.120        1        1
   6829.992        2        1
   6831.864        1        1
   6833.736        1        1
   6835.608        1        1
   6837.480        1        1
   6839.352        1        1
   6841.224        1        1
   6843.096        1        1
   6844.968        1        1
   6846.840        1        1
   6848.712        1        1
   6850.584        1        1
   6852.456        1        1
   6854.328        1        1
   6856.200        1        1
   6858.072        1        1
   6859.944        1        1
   6861.816        1        1
   6863.688        1        1
   6865.560        1        1
   6867.432        1        1
   6869.304        1        1
   6871.176        1        1
   6873.048        1        1
   6874.920        1        1
   6876.792        1        1
   6878.664        1        1
   6880.536        1        1
   6882.408        1        1
   6884.280        1        1
   6886.152        1        1
   6888.024        1        1
   6889.896        1        1
   6891.768        1        1
   6893.640        1        1
   6895.512        1        1
   6897.384        1        1
   6899.256        1        1
   6901.128        1        1
   6903.000        1        1
   6904.872        1        1
   6906.744        1        1
   6908.616        1        1
   6910.488        1        1
   6912.360        1        1
   6914.232        1        1
   6916.104        1        1
   6917.976        1        1
   6919.848        1        1
   6921.720        1        1
   6923.592        1        1
   6925.464        1        1
   6927.336        1        1
   6929.208        1        1
   6931.080        1        1
   6932.952        1        1
   6934.824        1        1
   6936.696        1        1
   6938.568        1        1
   6940.440        1        1
   6942.312        1        1
   6944.184        1        1
   6946.056        1        1
   6947.928        1        1
   6949.800        1        1
   6951.672        1        1
   6953.544        1        1
   6955.416        1        1
   6957.288        1        1
   6959.160        1        1
   6961.032        1        1
   6962.904        1        1
   6964.776        1        1
   6966.648        1        1
   6968.520        1        1
   6970.392        1        1
   6972.264        1        1
   6974.136        1        1
   6976.008        1        1
   6977.880        1        1
   6979.752        1        1
   6981.624        1        1
   6983.496        1        1
   6985.368        1        1
   6987.240        1        1
   6989.112        1        1
   6990.984        1        1
   6992.856        1        1
   6994.728        1        1
   6996.600        1        1
   6998.472        1        1
   7000.344        1        1
   7002.216        1        1
   7004.088        1        1
   7005.960        1        1
   7007.832        1        1
   7009.704        1        1
   7011.576        1        1
   7013.448        1        1
   7015.320        1        1
   7017.192        1        1
   7019.064        1        1
   7020.936        1        1
   7022.808        1        1
   7024.680        1        1
   7026.552        1        1
   7028.424        1        1
   7030.296        1        1
   7032.168        1        1
   7034.040        1        1
   7035.912        1        1
   7037.784        1        1
   7039.656        1        1
   7041.528        1        1
   7043.400        1        1
   7045.272        1        1
   7047.144        1        1
   7049.016        1        1
   7050.888        1        1
   7052.760        1        1
   7054.632        1        1
   7056.504        1        1
   7058.376        1        1
   7060.248        1        1
   7062.120        1        1
   7063.992        1        1
   7065.864        1        1
   7067.736        1        1
   7069.608        1        1
   7071.480        1        1
   7073.352        1        1
   7075.224        1        1
   7077.096        1        1
   7078.968        1        1
   7080.840        1        1
   7082.712        1        1
   7084.584        1        1
   7086.456        2        1
   7088.328        1        1
   7090.200        1        1
   7092.072        1        1
   7093.944        1        1
   7095.816        1        1
   7097.688        1        1
   7099.560        1        1
   7101.432        1        1
   7103.304        1        1
   7105.176        1        1
   7107.048        1        1
   7108.920        1        1
   7110.792        1        1
   7112.664        1        1
   7114.536        1        1
   7116.408        1        1
   7118.280        1        1
   7120.152        1        1
   7122.024        1        1
   7123.896        1        1
   7125.768        1        1
   7127.640        1        1
   7129.512        1        1
   7131.384        8        6
   7133.256       11       10
   7135.128       21       19
   7137.000       10        7
   7138.872       30       16
   7140.744       70       26
   7142.616       33       14
   7144.488      138       33
   7146.360      174       38
   7148.232      237       49
   7150.104      301       47
   7151.976      305       48
   7153.848      395       50
   7155.720      597       66
   7157.592      676       78
   7159.464      646       79
   7161.336      572       68
   7163.208      473       59
   7165.080      770       81
   7166.952      640       75
   7168.824      801       81
   7170.696      448       59
   7172.568      526       67
   7174.440      480       61
   7176.312      345       52
   7178.184      368       55
   7180.056      182       40
   7181.928      165       36
   7183.800       90       25
   7185.672       89       27
   7187.544       87       32
   7189.416       35       18
   7191.288        1        1
   7193.160        1        2
   7195.032       13       13
   7196.904        1        1
   7198.776        1        1
   7200.648        1        1
   7202.520        1        1
   7204.392        1        1
   7206.264        1        1
   7208.136        1        1
   7210.008        1        1
   7211.880        1        1
   7213.752        1        1
   7215.624        1        1
   7217.496        1        1
   7219.368        1        1
   7221.240        1        1
   7223.112        1        1
   7224.984        1        1
   7226.856        1        1
   7228.728        1        1
   7230.600        1        1
   7232.472        1        1
   7234.344        1        1
   7236.216        1        1
   7238.088        1        1
   7239.960        1        1
   7241.832        1        1
   7243.704        1        1
   7245.576        1        1
   7247.448        1        1
   7249.320        1        1
   7251.192        1        1
   7253.064        1        1
   7254.936        1        1
   7256.808        1        1
   7258.680        1        1
   7260.552        1        1
   7262.424        1        1
   7264.296        1        1
   7266.168        1        1
   7268.040        1        1
   7269.912        1        1
   7271.784        1        1
   7273.656        1        1
   7275.528        1        1
   7277.400        1        1
   7279.272        1        1
   7281.144        1        1
   7283.016        1        1
   7284.888        1        1
   7286.760        1        1
   7288.632        1        1
   7290.504        1        1
   7292.376        1        1
   7294.248        1        1
   7296.120        1        1
   7297.992        1        1
   7299.864        1        1
   7301.736        1        1
   7303.608        1        1
   7305.480        1        1
   7307.352        1        1
   7309.224        1        1
   7311.096        1        1
   7312.968        1        1
   7314.840        1        1
   7316.712        1        1
   7318.584        1        1
   7320.456        1        1
   7322.328        1        1
   7324.200        1        1
   7326.072        1        1
   7327.944        1        1
   7329.816        1        1
   7331.688        1        1
   7333.560        1        1
   7335.432        1        1
   7337.304        1        1
   7339.176        1        1
   7341.048        1        1
   7342.920        1        1
   7344.792        1        1
   7346.664        1        1
   7348.536        1        1
   7350.408        1        1
   7352.280        1        1
   7354.152        1        1
   7356.024        1        1
   7357.896        3        3
   7359.768        1        1
   7361.640        6        5
   7363.512       11        7
   7365.384        7        4
   7367.256       22       11
   7369.128       40       13
   7371.000       31       12
   7372.872       95       21
   7374.744      119       22
   7376.616      144       29
   7378.488      168       27
   7380.360      195       32
   7382.232      260       36
   7384.104      291       40
   7385.976      252       34
   7387.848      330       41
   7389.720      325       41
   7391.592      417       47
   7393.464      405       49
   7395.336      365       42
   7397.208      329       41
   7399.080      253       35
   7400.952      214       33
   7402.824      180       27
   7404.696      148       26
   7406.568      161       28
   7408.440      131       27
   7410.312       49       14
   7412.184       56       19
   7414.056       55       20
   7415.928       20        9
   7417.800       20        9
   7419.672       11        9
   7421.544        7        7
   7423.416        5        5
   7425.288        1        1
   7427.160        1        1
   7429.032        1        1
   7430.904        1        1
   7432.776        1        1
   7434.648        1        1
   7436.520        1        1
   7438.392        1        1
   7440.264        1        1
   7442.136        1        1
   7444.008        1        1
   7445.880        1        1
   7447.752        1        1
   7449.624        1        1
   7451.496        1        1
   7453.368        1        1
   7455.240        1        1
   7457.112        1        1
   7458.984        1        1
   7460.856        1        1
   7462.728        1        1
   7464.600        1        1
   7466.472        1        1
   7468.344        1        1
   7470.216        1        1
   7472.088        1        1
   7473.960        1        1
   7475.832        1        1
   7477.704        1        1
   7479.576        1        1
   7481.448        1        1
   7483.320        1        1
   7485.192        1        1
   7487.064        1        1
   7488.936        1        1
   7490.808        1        1
   7492.680        1        1
   7494.552        1        1
   7496.424        1        1
   7498.296        1        1
   7500.168        1        1
   7502.040        1        1
   7503.912        1        1
   7505.784        1        1
   7507.656        1        1
   7509.528        1        1
   7511.400        1        1
   7513.272        1        1
   7515.144        1        1
   7517.016        1        1
   7518.888        1        1
   7520.760        1        1
   7522.632        1        1
   7524.504        1        1
   7526.376        1        1
   7528.248        1        1
   7530.120        1        1
   7531.992        1        1
   7533.864        1        1
   7535.736        1        1
   7537.608        1        1
   7539.480        1        1
   7541.352        1        1
   7543.224        1        1
   7545.096        1        1
   7546.968        1        1
   7548.840        1        1
   7550.712        1        1
   7552.584        1        1
   7554.456        1        1
   7556.328        1        1
   7558.200        1        1
   7560.072        1        1
   7561.944        1        1
   7563.816        1        1
   7565.688        1        1
   7567.560        1        1
   7569.432        1        1
   7571.304        1        1
   7573.176        1        1
   7575.048        1        1
   7576.920        1        1
   7578.792        1        1
   7580.664        1        1
   7582.536        1        1
   7584.408        1        1
   7586.280        1        1
   7588.152        1        1
   7590.024        1        1
   7591.896        1        1
   7593.768        1        1
   7595.640        1        1
   7597.512        1        1
   7599.384        1        1
   7601.256        1        1
   7603.128        1        1
   7605.000        1        1
   7606.872        1        1
   7608.744        1        1
   7610.616        1        1
   7612.488        1        1
   7614.360        1        1
   7616.232        1        1
   7618.104        1        1
   7619.976        1        1
   7621.848        1        1
   7623.720        1        1
   7625.592        1        1
   7627.464        1        1
   7629.336        1        1
   7631.208        1        1
   7633.080        1        1
   7634.952        1        1
   7636.824        1        1
   7638.696        1        1
   7640.568        1        1
   7642.440        1        1
   7644.312        1        1
   7646.184        1        1
   7648.056        1        1
   7649.928        1        1
   7651.800        1        1
   7653.672        1        1
   7655.544        1        1
   7657.416        1        1
   7659.288        1        1
   7661.160        1        1
   7663.032        1        1
   7664.904        1        1
   7666.776        1        1
   7668.648        1        1
   7670.520        1        1
   7672.392        1        1
   7674.264        1        1
   7676.136        1        1
   7678.008        1        1
   7679.880        1        1
   7681.752        1        1
   7683.624        1        1
   7685.496        1        1
   7687.368        1        1
   7689.240        1        1
   7691.112        1        1
   7692.984        1        1
   7694.856        1        1
   7696.728        1        1
   7698.600        1        1
   7700.472        1        1
   7702.344        1        1
   7704.216        1        1
   7706.088        1        1
   7707.960        1        1
   7709.832        1        1
   7711.704        1        1
   7713.576        1        1
   7715.448        1        1
   7717.320        1        1
   7719.192        1        1
   7721.064        1        1
   7722.936        1        1
   7724.808        1        1
   7726.680        1        1
   7728.552        1        1
   7730.424        1        1
   7732.296        1        1
   7734.168        1        1
   7736.040        1        1
   7737.912        1        1
   7739.784        1        1
   7741.656        1        1
   7743.528        1        1
   7745.400        1        1
   7747.272        1        1
   7749.144        1        1
   7751.016        1        1
   7752.888        1        1
   7754.760        1        1
   7756.632        1        1
   7758.504        1        1
   7760.376        1        1
   7762.248        1        1
   7764.120        1        1
   7765.992        1        1
   7767.864        1        1
   7769.736        1        1
   7771.608        1        1
   7773.480        1        1
   7775.352        1        1
   7777.224        1        1
   7779.096        1        1
   7780.968        1        1
   7782.840        1        1
   7784.712        1        1
   7786.584        1        1
   7788.456        1        1
   7790.328        1        1
   7792.200        1        1
   7794.072        1        1
   7795.944        1        1
   7797.816        1        1
   7799.688        1        1
   7801.560        1        1
   7803.432        1        1
   7805.304        1        1
   7807.176        1        1
   7809.048        1        1
   7810.920        1        1
   7812.792        1        1
   7814.664        1        1
   7816.536        1        1
   7818.408        1        1
   7820.280        1        1
   7822.152        1        1
   7824.024        1        1
   7825.896        1        1
   7827.768        1        1
   7829.640        1        1
   7831.512        1        1
   7833.384        1        1
   7835.256        1        1
   7837.128        1        1
   7839.000        1        1
   7840.872        1        1
   7842.744        1        1
   7844.616        1        1
   7846.488        1        1
   7848.360        1        1
   7850.232        1        1
   7852.104        1        1
   7853.976        1        1
   7855.848        1        1
   7857.720        1        1
   7859.592        1        1
   7861.464        1        1
   7863.336        1        1
   7865.208        1        1
   7867.080        1        1
   7868.952        1        1
   7870.824        1        1
   7872.696        1        1
   7874.568        1        1
   7876.440        1        1
   7878.312        1        1
   7880.184        1        1
   7882.056        1        1
   7883.928        1        1
   7885.800        1        1
   7887.672        1        1
   7889.544        1        1
   7891.416        1        1
   7893.288        1        1
   7895.160        1        1
   7897.032        1        1
   7898.904        1        1
   7900.776        1        1
   7902.648        1        1
   7904.520        1        1
   7906.392        1        1
   7908.264        1        1
   7910.136        1        1
   7912.008        1        1
   7913.880        1        1
   7915.752        1        1
   7917.624        1        1
   7919.496        1        1
   7921.368        1        1
   7923.240        1        1
   7925.112        1        1
   7926.984        1        1
   7928.856        1        1
   7930.728        1        1
   7932.600        1        1
   7934.472        1        1
   7936.344        1        1
   7938.216        1        1
   7940.088        1        1
   7941.960        1        1
   7943.832        1        1
   7945.704        1        1
   7947.576        1        1
   7949.448        1        1
   7951.320        1        1
   7953.192        1        1
   7955.064        1        1
   7956.936        1        1
   7958.808        1        1
   7960.680        1        1
   7962.552        1        1
   7964.424        1        1
   7966.296        1        1
   7968.168        1        1
   7970.040        1        1
   7971.912        1        1
   7973.784        1        1
   7975.656        1        1
   7977.528        1        1
   7979.400        1        1
   7981.272        1        1
   7983.144        1        1
   7985.016        1        1
   7986.888        1        1
   7988.760        1        1
   7990.632        1        1
   7992.504        1        1
   7994.376        1        1
   7996.248        1        1
   7998.120        1        1
   7999.992        1        1
   8001.864        1        1
   8003.736        1        1
   8005.608        1        1
   8007.480        1        1
   8009.352        1        1
   8011.224        1        1
   8013.096        1        1
   8014.968        1        1
   8016.840        1        1
   8018.712        1        1
   8020.584        1        1
   8022.456        1        1
   8024.328        1        1
   8026.200        1        1
   8028.072        1        1
   8029.944        1        1
   8031.816        1        1
   8033.688        1        1
   8035.560        1        1
   8037.432        1        1
   8039.304        1        1
   8041.176        1        1
   8043.048        1        1
   8044.920        1        1
   8046.792        1        1
   8048.664        1        1
   8050.536        1        1
   8052.408        1        1
   8054.280        1        1
   8056.152        1        1
   8058.024        1        1
   8059.896        1        1
   8061.768        1        1
   8063.640        1        1
   8065.512        1        1
   8067.384        1        1
   8069.256        1        1
   8071.128        1        1
   8073.000        1        1
   8074.872        1        1
   8076.744        1        1
   8078.616        1        1
   8080.488        1        1
   8082.360        1        1
   8084.232        1        1
   8086.104        1        1
   8087.976        1        1
   8089.848        1        1
   8091.720        1        1
   8093.592        1        1
   8095.464        1        1
   8097.336        1        1
   8099.208        1        1
   8101.080        1        1
   8102.952        1        1
   8104.824        1        1
   8106.696        1        1
   8108.568        1        1
   8110.440        1        1
   8112.312        1        1
   8114.184        1        1
   8116.056        1        1
   8117.928        1        1
   8119.800        1        1
   8121.672        1        1
   8123.544        1        1
   8125.416        1        1
   8127.288        1        1
   8129.160        1        1
   8131.032        1        1
   8132.904        1        1
   8134.776        1        1
   8136.648        1        1
   8138.520        1        1
   8140.392        1        1
   8142.264        1        1
   8144.136        1        1
   8146.008        1        1
   8147.880        1        1
   8149.752        1        1
   8151.624        1        1
   8153.496        1        1
   8155.368        1        1
   8157.240        1        1
   8159.112        1        1
   8160.984        1        1
   8162.856        1        1
   8164.728        1        1
   8166.600        1        1
   8168.472        1        1
   8170.344        1        1
   8172.216        1        1
   8174.088        1        1
   8175.960        1        1
   8177.832        1        1
   8179.704        1        1
   8181.576        1        1
   8183.448        1        1
   8185.320        1        1
   8187.192        1        1
   8189.064        1        1
   8190.936        1        1
   8192.808        1        1
   8194.680        1        1
   8196.552        1        1
   8198.424        1        1
   8200.296        1        1
   8202.168        1        1
   8204.040        1        1
   8205.912        1        1
   8207.784        1        1
   8209.656        1        1
   8211.528        1        1
   8213.400        1        1
   8215.272        1        1
   8217.144        1        1
   8219.016        1        1
   8220.888        1        1
   8222.760        1        1
   8224.632        1        1
   8226.504        1        1
   8228.376        1        1
   8230.248        1        1
   8232.120        1        1
   8233.992        1        1
   8235.864        1        1
   8237.736        1        1
   8239.608        1        1
   8241.480        1        1
   8243.352        1        1
   8245.224        1        1
   8247.096        1        1
   8248.968        1        1
   8250.840        1        1
   8252.712        1        1
   8254.584        1        1
   8256.456        1        1
   8258.328        1        1
   8260.200        1        1
   8262.072        1        1
   8263.944        1        1
   8265.816        1        1
   8267.688        1        1
   8269.560        1        1
   8271.432        1        1
   8273.304        1        1
   8275.176        1        1
   8277.048        1        1
   8278.920        1        1
   8280.792        1        1
   8282.664        1        1
   8284.536        1        1
   8286.408        1        1
   8288.280        1        1
   8290.152        1        1
   8292.024        1        1
   8293.896        1        1
   8295.768        1        1
   8297.640        1        1
   8299.512        1        1
   8301.384        1        1
   8303.256        1        1
   8305.128        1        1
   8307.000        1        1
   8308.872        1        1
   8310.744        1        1
   8312.616        1        1
   8314.488        1        1
   8316.360        1        1
   8318.232        1        1
   8320.104        1        1
   8321.976        1        1
   8323.848        1        1
   8325.720        1        1
   8327.592        1        1
   8329.464        1        1
   8331.336        1        1
   8333.208        1        1
   8335.080        1        1
   8336.952        1        1
   8338.824        1        1
   8340.696        1        1
   8342.568        1        1
   8344.440        1        1
   8346.312        1        1
   8348.184        1        1
   8350.056        1        1
   8351.928        1        1
   8353.800        1        1
   8355.672        1        1
   8357.544        1        1
   8359.416        1        1
   8361.288        1        1
   8363.160        1        1
   8365.032        1        1
   8366.904        1        1
   8368.776        1        1
   8370.648        1        1
   8372.520        1        1
   8374.392        1        1
   8376.264        1        1
   8378.136        1        1
   8380.008        1        1
   8381.880        1        1
   8383.752        1        1
   8385.624        1        1
   8387.496        1        1
   8389.368        1        1
   8391.240        1        1
   8393.112        1        1
   8394.984        1        1
   8396.856        1        1
   8398.728        1        1
   8400.600        1        1
   8402.472        1        1
   8404.344        1        1
   8406.216        1        1
   8408.088        1        1
   8409.960        1        1
   8411.832        1        1
   8413.704        1        1
   8415.576        1        1
   8417.448        1        1
   8419.320        1        1
   8421.192        1        1
   8423.064        1        1
